18049 1244 274
8690 14569 3
33553 21098 891
4090 16224 3
31453 18049 3
19938 24372 2159
30012 5278 1994
16326 1774 567
14 31110 5
28022 9 5
24372 15847 5
35116 33553 1374
9603 22607 404
15847 8274 6
24372 28022 6
5730 29066 6
26682 11481 6
3224 5323 6
30156 28022 7
2070 8232 3472
6015 31453 8
6015 8102 8
36787 31852 1007
25164 29594 540
14311 26092 3079
8080 3224 8
28840 12802 8
20486 31399 1040
19938 27409 2163
9091 2980 1600
27160 19680 8
12575 27088 9
12802 8274 9
2433 23654 9
30813 5160 3639
6899 29066 9
19818 28840 9
3792 36525 709
10727 6784 1283
12613 8904 1235
13467 35208 947
28841 18252 10
23694 7736 10
24584 8904 1236
8129 2433 10
8274 10191 3832
2857 6784 1117
24427 3834 2130
29198 20486 577
20877 12613 2647
1920 33294 670
6784 12197 1284
8906 21770 10
32585 27342 10
2350 30012 2000
2616 12575 2139
24913 8906 10
287 21098 1873
22576 20486 578
31551 7353 1132
4477 27761 1207
26127 30871 2323
16059 24224 803
8761 5323 11
12613 12197 11
813 9119 3436
16339 22951 2882
18100 19472 2441
20104 5653 1784
23422 25382 1997
14214 26297 1613
17128 5832 839
6015 29744 12
7042 843 1567
21368 3792 12
33553 15241 2032
8294 12613 2059
23320 23998 12
31584 6015 12
18919 5223 12
88 31453 12
13013 12496 1721
32313 36787 1723
20429 27557 1423
7955 2567 1986
29594 32313 1260
36787 31110 2762
6015 20486 3567
33553 16731 2221
25681 28840 13
22391 22392 13
662 4245 1330
9119 20802 13
33023 578 1156
24427 16372 1023
32566 34093 13
2435 12933 1784
33474 33839 847
16159 29744 13
30012 2435 2003
5475 539 1803
19583 5653 2214
16372 5748 14
28723 30871 641
15466 18100 2443
7888 18100 2443
5730 12130 1354
16045 28231 14
8635 33839 848
14684 24913 14
30449 18150 965
34607 16339 1849
24913 2433 14
5278 34424 1314
16480 30530 529
24427 10523 1024
25076 8294 1944
33858 21644 2515
21185 35619 753
6015 10523 15
17336 15818 574
24266 815 2278
34035 24470 15
4814 16059 719
9958 27150 2843
22020 9603 2116
35790 33474 1075
11275 7239 3665
227 4843 1033
7940 21644 1947
11181 33424 2479
8294 813 1407
19472 31584 16
10191 20802 3838
30012 33610 2716
9966 18092 1842
10397 17285 1513
35230 24994 763
15466 34990 16
14671 843 1500
34595 5748 17
15051 33610 727
18092 13664 17
16681 34729 17
32635 34646 2652
25681 24427 1027
6750 6545 2094
30871 9966 1843
21185 35833 1052
7244 684 2112
88 20104 18
28231 6261 2587
21770 32566 18
12816 10221 997
24994 25003 2344
35166 34888 1410
724 710 1264
33338 8904 1625
5323 8844 853
2435 25382 18
32527 4755 2667
28840 7608 18
20877 9929 2655
18180 2350 18
3847 6784 1292
19186 23694 18
30779 31453 3030
55 26669 948
24925 23422 2003
33062 17421 18
33424 37035 1677
25899 482 2044
7518 16159 18
14569 13049 19
6750 34646 2076
12496 33925 1797
17336 35869 1104
2588 23033 1394
1832 15879 1739
1713 95 1093
20718 147 132
26119 188 1018
2634 18919 321
8274 3847 19
35230 2677 815
24466 11275 3669
32167 2759 1481
15466 11712 19
400 7086 1721
6015 16681 19
2634 24470 321
32527 29198 19
32355 608 1118
32777 18241 1334
34921 8129 1654
29159 7178 20
33474 31272 1395
2007 34538 20
9603 9727 418
19876 17934 1793
287 5747 1882
3970 28590 20
7888 15679 20
19680 8352 20
10882 17380 20
13323 1136 891
23694 20357 20
20047 4570 21
12130 9966 1907
8873 12335 2085
37212 6254 900
29352 33839 855
36896 35494 1955
33839 21185 855
13038 25706 2480
12399 12402 1784
5190 1281 1733
11922 13038 1957
21098 28829 581
5808 7888 21
1242 34424 1584
14062 762 21
7297 8274 602
30562 18825 1388
29066 14314 2396
26463 25233 1782
8080 22846 22
34023 31272 1800
56 972 701
19297 22576 22
12802 16722 2679
30871 3847 22
13038 8635 723
35439 35790 1082
10724 22765 1600
31788 24466 2201
22678 15722 22
27464 26183 2545
34967 726 1413
16059 36979 2172
14787 18092 22
11544 34919 2034
30449 32777 2181
35439 30191 22
19023 27160 2508
16371 22398 418
15466 5223 22
4283 15466 2366
1644 22951 1538
3705 20645 860
8031 35116 2222
11702 19680 22
30652 25735 1741
30871 18602 2293
147 617 1738
29159 21563 2997
1670 6259 426
11925 20047 23
11275 33610 4383
6411 1832 1743
28950 578 1609
20645 6792 898
30920 883 1566
4283 33463 2034
24994 11373 23
35230 2857 2265
20903 31399 23
7236 10647 2789
13467 34559 1481
24790 32727 24
23470 20027 2881
12575 1672 24
33610 12130 2074
27306 23752 24
9853 25532 24
15657 3589 24
34961 7048 1378
10458 729 805
28022 19140 4367
19456 28208 24
14802 15619 2066
16107 13664 974
6784 25893 1298
42 19332 528
1158 31059 1361
17934 30245 1980
19754 22607 24
32209 26738 945
25539 88 881
8761 7608 25
7123 7965 1152
671 35461 1292
15254 35616 25
28496 30714 1234
31949 26685 1311
684 2604 777
34716 33373 1552
15879 6132 25
33872 19818 1948
30679 22735 547
35439 22765 1603
19456 21563 2690
16823 17595 1454
24266 9853 2288
25028 812 3435
1769 7048 725
8782 16624 25
25164 13872 2392
6376 8757 854
4477 13717 25
23998 26808 25
13217 23422 1771
2879 5554 25
1592 2604 1528
16372 19023 2512
20928 34729 26
9717 12613 2748
29195 10724 1809
22846 2857 1829
1672 2350 26
14671 22765 1604
13103 19167 935
35421 3293 627
36831 35116 2893
23767 5185 2053
25028 11925 26
31788 16722 2380
22766 6438 3953
8102 9717 2748
4755 27527 2675
34456 9824 1354
11702 26707 4444
8352 8294 2073
9603 9717 2258
24790 23752 26
35421 1592 1102
17380 20802 26
31433 33480 1433
32748 36057 1549
36456 24423 695
617 13203 2132
33620 329 1618
25090 578 2082
15466 25233 27
1244 26518 2186
1406 18092 1090
420 234 1589
10791 2759 27
2435 25494 2441
10119 15147 3358
15879 23746 27
5315 3502 4144
3076 20802 27
19163 15167 27
8129 4802 354
1406 18252 1090
25382 29972 27
1820 12572 1519
14569 14626 1672
34370 32435 2827
18780 6899 27
26325 7042 1776
16793 19387 27
30871 12052 27
36155 15827 1997
22735 10509 1789
32505 9603 425
24297 7151 1649
169 26659 1169
20852 15777 28
32748 35476 1017
13467 9338 1747
3834 31616 1137
8352 15466 28
34965 14172 28
9119 19763 28
25681 28818 1398
10509 26119 2083
8418 10621 1952
5167 34139 986
20357 10523 28
840 5730 28
12816 22846 662
428 1713 2074
30562 14735 735
10647 1481 2794
35518 7955 28
88 11702 28
31616 22576 28
26707 4570 2230
10727 24489 28
356 10639 4494
28800 27439 3048
8274 20184 28
10534 19411 1390
10523 9853 28
33620 14952 1401
1406 27409 1091
21028 28877 28
11827 6899 28
368 3845 1126
28829 25735 2055
10523 19754 29
4396 29198 719
10509 31658 3064
34990 22252 29
29159 24466 29
3834 16903 1138
22382 4477 29
8690 175 29
2350 13103 938
1022 36 2972
19818 7236 29
18602 12816 1725
35261 22485 669
32343 27964 3907
90 724 1349
21185 1352 2342
19754 31828 29
24423 34559 2396
13496 32435 1818
11373 5509 1584
26685 287 1332
13190 12197 29
23422 25893 2014
1226 31825 1126
6301 29744 29
6254 18752 1019
33610 32527 740
813 501 3455
9966 29159 1615
17819 484 1607
18443 15788 827
19023 19267 2797
388 1590 2168
578 15241 1141
4733 9966 3076
1970 25233 30
20357 6988 30
813 9717 2946
6386 4553 2382
3792 31244 1217
2892 7042 1514
2634 16371 1625
5522 6832 30
21185 34559 1729
10951 31616 1707
1310 15147 990
4963 972 1645
33424 11713 2073
11712 1406 1093
15049 10948 30
35928 34961 2037
3076 6988 30
34646 33234 585
20084 32209 30
12496 2892 1808
24850 3316 1535
16510 25369 1717
510 42 960
18100 19945 2460
25090 17336 1048
6988 8859 31
28840 19410 31
36525 13872 1820
1920 724 1608
19387 18180 31
16080 15679 31
1087 23910 1372
16489 19251 953
35476 28273 3042
36552 33925 2462
204 34713 1750
578 36155 1473
17390 16722 1270
3589 7236 31
6351 24266 2294
20184 9119 31
7888 30823 31
1074 1048 276
27439 12187 914
18481 175 31
33480 14671 1438
4963 2449 2474
11922 31786 2145
22063 29805 31
31574 11606 1468
16107 26940 981
2221 724 1866
4090 14839 31
14850 12933 3439
11276 6588 31
21291 20104 31
12368 33553 958
3545 20232 1921
2091 8929 1317
3025 22382 1455
15679 10119 3145
13103 32566 940
26463 10639 3333
34492 21028 31
14626 8080 1676
17486 34410 31
1243 8352 31
29594 9338 638
5509 13127 1587
23371 17531 962
25003 2759 2358
849 5167 2005
5787 11702 32
2433 31971 32
23694 10405 402
3151 27100 1179
31789 9141 32
10724 8705 1496
19163 33494 32
30779 28818 2611
15823 28840 32
26325 32635 2407
13412 14850 4657
33424 25251 1871
6832 23823 32
12187 16371 2207
6351 11712 32
18952 671 1299
23320 6420 32
15466 11827 32
35733 19119 32
16903 16372 32
1281 32009 704
9383 3650 32
23819 30069 1622
25735 19411 1751
5960 139 1825
15788 20739 32
18846 28723 659
24975 15254 948
34093 14850 32
578 22535 1056
18755 32209 32
2002 1291 2917
13049 31143 32
2712 133 1055
20645 12450 32
18180 22386 32
33610 2634 1044
16052 1414 32
24427 23078 1042
28406 28818 1644
2879 29983 1644
4843 35806 2280
29983 9611 1644
14952 35421 33
26738 18845 614
4802 22398 360
25177 11181 2512
9939 27964 4016
35917 29476 728
12571 32167 2623
32088 35208 1809
32217 32566 33
1670 5684 436
9603 15823 431
5832 8272 33
1181 35421 1117
26693 14851 2284
28840 26282 33
32435 20196 1822
19754 25088 1791
8657 21283 3461
3422 19472 33
24266 17434 2296
8649 182 885
1310 26463 1793
28814 21185 2319
22936 19942 1783
22382 18516 33
321 3095 1463
8761 8204 33
27160 19945 33
35616 21185 33
34965 30823 33
24994 34596 549
31415 2380 1400
18100 2568 2462
1226 25615 1015
32134 5315 3812
4963 1769 921
42 25901 698
27439 1700 33
2350 31971 34
30823 1970 34
18256 1670 437
25539 19456 891
20852 3589 34
8720 18252 34
36217 1711 1600
3343 578 1849
5167 18160 2239
37040 34967 1090
27670 27761 1296
34695 35476 1070
9598 17078 34
13562 18825 34
35749 8649 1519
3705 18691 1109
16489 227 1625
2453 37230 891
26769 27598 685
31879 501 34
8120 5223 34
32343 8904 1950
22669 4876 34
21220 33553 960
3 1213 803
3025 10186 3268
3115 12926 2106
10618 3705 872
2712 2070 1057
15788 8842 34
20524 32566 34
32275 33553 1505
16681 1700 34
33394 33620 2478
3151 33468 789
16371 29972 430
35439 3151 602
3040 514 1001
36725 13131 1446
25028 14612 3989
10639 5223 3087
2449 17486 1017
287 22063 1896
36454 1136 1357
3224 9939 1714
25901 35010 1854
8460 22386 34
1379 19245 2453
31051 34939 3409
29980 26685 2306
24414 20261 34
23404 32435 2621
11275 16752 3684
27816 28022 2597
12566 18678 2801
1244 9458 3111
557 29744 35
17531 9810 2094
31879 31971 35
34554 24224 916
234 26297 2705
34327 1325 35
30032 27100 1448
12841 20389 312
7151 2002 2056
10221 32050 2585
36503 10084 920
36255 35116 1504
28911 13 2870
8827 179 35
14885 3502 3756
10619 988 2694
3980 32250 3532
22616 31453 2901
14851 9088 2267
400 32442 636
19978 15156 35
1329 32250 2812
5081 18602 2291
33858 13839 35
1406 3025 3957
1769 24975 951
35845 16983 709
2433 10983 35
16262 33035 1944
27761 10554 572
33494 20802 35
27339 482 848
34739 31759 552
1580 2914 872
6899 21094 35
20711 21028 508
15147 6922 1540
15818 33023 1025
31616 32430 36
19939 22398 2296
849 16731 1089
5618 22678 3109
35230 32217 783
26282 17128 863
3139 15457 3045
18092 25683 36
34911 37040 1650
32570 204 912
1580 20007 327
2453 1590 978
21119 28723 3748
23300 13642 1103
29594 31786 1169
19167 20739 36
33996 25680 36
24489 30779 3048
21403 7689 2226
19332 27468 2588
21090 21122 1956
726 537 1239
17525 3224 2877
1556 685 1570
31572 13131 2605
22576 20676 36
13819 18845 1404
5315 24925 3815
34468 2710 1963
2634 2964 977
4292 12657 1807
14062 6376 36
9727 4733 1256
25532 2568 36
1491 27752 1713
10509 15808 3977
37040 16735 1987
482 13131 1946
29364 25735 3105
21122 36037 2173
2710 30679 1745
10405 24427 1417
14061 7888 1103
25269 20486 1472
19680 32628 36
32589 19186 1337
22398 10983 37
28273 3293 1401
18459 22607 37
20116 667 1044
14484 287 1673
8269 9824 1811
2980 14312 666
13131 22139 1264
813 6961 3462
19818 10732 37
34729 18256 37
13642 33925 1204
25090 1181 1586
12575 8657 2712
27557 27951 2336
17934 27186 2200
29980 6792 1640
11141 26912 1827
37287 9848 2244
35833 31572 2369
29352 13610 821
18241 22369 494
10301 2350 37
27209 22065 37
204 17997 1557
29526 1180 1941
12802 23629 1757
24224 5727 1062
24680 8120 37
1406 9714 1100
34894 1206 1857
35644 29968 1235
365 18241 707
988 9629 2449
9603 12555 2448
1590 147 1118
33178 34444 37
19186 24489 37
18241 26770 337
30562 22669 744
10742 19583 2564
35476 33506 2107
3312 19714 345
9853 19023 2523
10523 15987 38
36803 12572 1084
28338 685 3063
16371 31971 434
16542 20389 315
25629 27439 38
690 537 1311
14787 15049 38
34911 6690 1979
317 29530 1041
26105 147 2256
10807 21283 1487
24987 5185 2396
28260 10647 2804
15051 2389 38
4733 13190 1258
21185 33506 38
36254 26945 4223
31110 24188 1360
10727 27816 2600
2616 31307 2292
11181 12450 1637
18206 1226 1590
6518 9824 1755
17128 23659 865
24188 1769 1360
32050 19942 1788
19818 14850 38
329 13819 1088
6214 31110 987
17340 7413 1250
20104 19410 38
11275 5806 4070
33922 35518 1323
14745 10555 2899
234 35619 1653
3834 3115 3220
1023 5406 38
8705 22535 1502
20852 18516 38
18919 9131 38
21644 10983 1534
2879 29159 38
8294 18443 1738
25076 5019 1811
20255 2503 3903
937 24266 1904
32275 33620 2037
1475 5730 38
35208 24987 851
2453 32635 1881
26341 28814 1395
26127 32935 2350
428 26119 1151
42 25578 547
14223 21283 1487
14 36325 711
5629 27527 38
16752 25681 38
25164 28338 1488
10647 1335 2804
23694 24861 1520
32589 18093 1843
31307 18092 907
2246 9429 39
1335 24584 39
8271 27088 39
8929 32503 1398
6792 368 1245
30635 18845 1845
13340 16983 1130
18100 7946 2468
1965 35461 1371
30920 3095 1059
14684 6922 39
13400 1798 1440
14017 5081 1281
27871 32153 1480
10727 6420 39
4843 17451 2207
25494 16903 2650
988 1481 2506
31574 36446 1529
11141 14649 1829
32050 8460 39
10621 21009 643
1180 28063 3073
4570 3076 39
10732 4283 2050
6303 1244 311
885 16 1685
10983 32566 39
13118 8294 3206
14802 15167 39
25683 21770 39
19927 6259 39
9966 10450 2445
2116 11352 1954
6214 6254 350
7944 5730 1708
35116 18691 3074
6890 25646 917
5160 6284 2149
11276 6420 40
20718 4292 1534
19480 22398 1481
11182 11827 40
898 570 1013
14616 8350 454
36700 3151 2940
5625 7782 2651
30032 15631 157
6027 9658 1502
22766 13914 40
33338 15987 1632
28063 24259 1542
609 27339 1482
34139 608 1670
2076 23291 88
34410 5747 40
898 710 2616
20676 32134 40
245 35116 3430
16158 16371 1583
19237 1580 1561
887 31852 930
22774 1242 2031
11879 20877 2086
32167 1102 1502
6438 29909 3967
8102 6303 40
25683 11275 3690
33424 36093 2166
36586 4333 40
13610 34888 1814
24630 19945 40
17465 30156 40
813 10554 3465
34370 12657 1192
32050 2435 40
3025 31380 1402
4553 17525 2313
27208 12197 40
11824 428 2096
8873 14717 2104
36535 33872 1963
22765 3620 1618
26669 16725 1223
23404 16735 1974
12841 23659 40
31318 8873 2104
972 3545 1273
29999 35997 40
27745 19294 1613
14850 88 40
34055 9853 40
2583 33620 2362
24690 19583 3661
2980 28666 40
710 343 1985
34648 32194 1715
510 11181 2363
26555 25090 497
11605 6386 40
27342 8303 1432
33310 12539 40
4814 23804 661
36586 35116 2850
29972 13103 950
20686 482 854
22774 23998 1769
25578 29927 366
16681 16464 41
31272 18752 1778
1024 27439 41
31793 1176 2289
1700 28877 41
21483 1242 304
25020 20084 41
24118 29166 937
3075 5779 1369
1590 17625 1356
25735 24498 1665
1556 31949 539
30119 24372 41
34245 28304 1665
20372 2040 1542
31165 31415 1465
9727 10119 3155
17531 6386 2271
5747 19745 2265
442 368 1417
20084 36803 777
24007 35333 1146
19411 35518 41
17132 4090 41
204 5239 1484
30732 29618 612
4691 35439 41
4679 5653 3099
10641 10191 3863
26660 4283 2052
32527 25629 41
9338 22765 2103
28964 188 1521
26127 29317 2353
22822 1242 304
815 8269 1815
12122 13781 2283
26119 36611 785
9099 18093 1779
4679 22607 2549
849 22765 1332
34264 34921 1984
514 773 2040
6870 13049 42
3422 23291 42
35925 34652 2316
7239 10807 42
22580 6214 1069
28814 1442 2162
8303 24118 1434
22382 1406 2244
31405 8080 600
24975 6750 1278
20601 20877 2064
16752 22766 42
21098 169 426
25357 7888 3672
35036 20686 1233
5653 18874 1814
41 30245 1250
24925 19410 42
14717 20486 609
19876 24987 1260
32313 36153 2251
5081 32505 1284
19823 11702 2621
5783 23654 42
19818 36990 42
25615 2175 800
1414 15131 2140
328 139 2192
34012 34023 1085
31479 25076 1815
14172 5242 42
7946 30871 42
32463 12130 1382
20451 36650 2250
30083 6088 42
30088 19711 1260
33996 30823 42
25681 12159 42
15722 17161 42
13824 9 42
14223 24790 42
9511 9478 2002
30996 843 2344
25212 22669 2213
8859 6259 42
55 548 1333
19387 11182 42
4628 27208 42
15156 1445 42
34093 4161 1291
29648 13467 2440
30178 317 1049
27560 36787 2555
26841 8389 2105
11712 15171 43
29428 17455 43
25090 26945 3563
1244 13824 315
10907 16036 1523
28022 6303 43
31110 34012 43
25032 22765 1621
7297 8120 624
11606 14952 43
32313 7086 1176
3818 5755 1692
20084 18752 2064
514 441 1141
215 10621 2872
17421 30584 765
30679 1965 1375
26288 13511 1544
9717 20357 2765
19486 29198 43
16480 34894 1242
20154 1033 1327
30032 22116 160
966 21220 688
35333 36232 43
2091 13203 1091
1136 15215 1629
3095 4359 1478
13211 37212 924
32050 6411 43
7592 36047 722
12926 8325 2601
21028 29317 43
3914 13404 1025
2568 25681 43
31788 32628 2222
25615 849 2016
10628 32727 3907
34967 31508 43
2389 8904 2667
6055 17054 2134
1069 23560 1273
31380 1970 43
36990 11276 43
14950 25157 3026
33922 33023 1307
25576 22846 43
482 10618 856
2449 20705 1543
34919 33654 1793
908 5113 1644
33180 15762 1171
17128 23161 870
2706 514 1791
25002 12933 3150
14214 13798 2965
12368 33925 1629
5723 9435 2556
1793 6872 43
8080 15073 43
26930 16 1206
6832 31479 43
25683 34424 1343
671 1136 2139
33494 25517 44
27951 29980 1571
21452 666 1255
29317 16542 44
34370 15602 915
27208 32430 44
20225 329 2352
13094 32209 44
773 442 2092
10951 28920 1721
32134 23220 3063
88 17155 631
32566 1475 44
17380 16752 44
813 11350 3469
58 4279 985
26061 7512 1365
34820 17380 44
25251 21122 1706
7211 30530 1810
25461 35494 744
12496 33256 2305
36896 31165 1884
28400 15818 1441
3095 33468 958
356 22600 3319
17128 9889 1352
21283 27619 1493
21138 16681 44
13040 16480 2743
11605 23078 44
16480 26114 1714
36832 28063 1435
19456 32878 44
32635 29725 2255
54 33474 44
2878 13203 994
36180 28950 478
30912 547 65
205 30449 1230
188 31960 3235
16160 857 2815
2030 15679 44
13131 34012 1456
8690 10051 1562
1820 34652 2687
13819 20451 2030
400 20645 1294
6870 24489 44
2453 318 1186
33620 32916 2432
16371 17340 2951
26288 1226 1854
14564 12384 1543
10948 10554 44
16115 5748 44
31380 19297 45
18425 10802 257
32167 28855 3012
13824 21283 1494
5459 8323 45
28273 2380 1683
6545 32460 752
15156 28819 45
34456 32878 1373
11141 32171 2174
32275 30652 956
23667 2604 1685
34264 2076 1696
19978 11605 45
1243 19410 45
30090 22535 45
18459 6872 45
18443 1672 842
9131 12197 45
10523 28260 45
19140 30597 4125
33023 1590 365
19411 14952 45
25357 10397 2754
23404 5960 1647
7125 3834 4139
17525 7888 648
695 400 1250
23998 13781 2287
26127 14925 2357
41 36552 761
15935 8851 881
24821 14649 1140
3268 51 911
18695 20877 3040
2380 1281 1192
7987 10121 841
845 2482 1475
1242 1128 308
35208 23819 1355
18952 204 836
16903 812 2433
31574 365 247
28160 1769 45
32570 33180 1370
27160 31079 45
32527 32557 4100
23819 35208 1355
22576 10396 406
603 35806 1265
35230 19480 2314
23084 30069 1189
29195 24007 1720
1965 9310 1775
1136 32194 949
12747 16339 2088
4628 16786 1937
32707 16823 1714
36920 4278 1160
24804 8460 1886
6027 25177 1909
8782 37011 515
1244 7556 2331
3306 603 671
9099 10639 2642
2502 30996 2727
22669 4733 1266
329 24429 1296
18732 30871 1695
501 15167 46
27339 1904 1333
385 20877 1759
26168 36552 2457
7736 28136 46
6784 20915 1320
6254 32460 2448
13392 5338 1585
5016 29968 500
16681 1475 46
10619 4895 46
14648 11973 2348
729 18 2155
23752 20711 519
29594 33256 1679
30032 12511 677
12841 1669 46
29618 5960 1542
5016 27482 1489
16080 3422 46
15788 13322 46
34875 317 1482
14649 12450 46
6872 17155 633
8288 27186 1888
5653 8298 1818
1530 509 705
4347 16012 2387
20451 32748 1578
25369 2221 2331
36047 33713 1166
9458 17078 2850
28446 1242 2322
31181 33839 880
14950 10948 494
1672 19945 46
4278 907 2776
29740 3343 1707
23525 9516 1171
17161 33338 46
28496 31059 950
28136 8294 2094
36232 17766 47
18766 27088 47
33178 34166 47
23025 10523 47
25032 29195 1830
13363 10647 2882
514 20686 544
25532 8298 47
9729 16012 2388
34624 35158 1152
29818 7086 1262
7178 29775 47
13086 25157 2255
22678 20103 514
1481 10651 47
608 3040 1607
9629 18846 1461
25517 1887 3354
666 8670 1764
26628 8873 2111
3316 7297 1741
21223 2038 1043
23659 16371 443
25043 18150 3247
23570 1288 47
9743 537 1274
8763 30871 2968
9119 8298 47
10953 13467 1412
29091 1243 47
8705 21122 3393
25077 13412 4032
510 35870 1531
11528 204 1011
22139 684 956
8774 329 505
34327 12733 1316
37051 17486 2247
7946 19472 47
14717 34595 47
18241 33295 1611
14962 13038 748
32628 1970 47
1242 24861 1792
11973 24987 2826
1669 10951 1724
26685 36725 1333
16542 11350 47
293 17486 2351
23823 13103 956
4802 798 374
9313 10978 995
33689 32171 1909
2099 14671 1050
19583 31479 2574
29213 31143 1378
33922 14484 1647
2380 11824 1709
42 9088 2221
24731 35806 2432
6988 25695 1494
20686 514 544
24423 7086 1136
1904 5982 1587
19875 31971 47
35845 36037 47
28338 18150 1029
2449 30245 1847
24259 77 1304
188 667 1216
2 17054 1730
2583 726 2893
30732 31181 619
8761 17477 48
23629 11702 3695
12841 6672 48
28365 169 1497
14220 17128 875
35997 22616 2914
14735 19945 48
35007 11973 2342
905 278 1183
4893 25233 48
14220 25076 1821
6027 27299 48
22936 29999 48
318 867 982
16681 3922 971
27816 14787 2610
28219 24159 2730
15603 19140 4483
6284 5036 2151
2502 28338 134
435 2574 1043
5459 9889 529
28819 31879 48
22063 13496 48
2002 14564 2368
90 20007 1784
18945 1592 1552
5960 13 2039
3025 23577 1410
19927 26660 48
36484 25706 2055
31272 3640 1298
32165 5338 48
2449 30872 1754
10791 28136 48
3558 27598 1610
178 17336 1966
3818 7888 48
34875 27310 870
21223 922 3118
15978 14702 1507
27186 26119 1930
4876 8763 2969
617 31051 2239
675 31110 2197
12511 14695 2985
14 25646 334
16 35871 960
27160 15958 48
34468 31471 1820
18635 10951 1725
19316 26555 1416
37051 25706 3234
6924 13203 2216
2887 12926 48
31308 31059 1716
26647 3025 1410
6206 16161 48
8873 22326 2112
18635 25157 2256
419 14851 1492
23746 8842 48
22580 1820 1650
33256 22580 1420
16578 14762 1666
2482 8371 1193
36346 10534 1407
12810 25401 48
8558 14 430
19754 3347 48
25683 23746 48
31615 207 2569
32684 21770 48
9958 34894 1672
33620 4032 2180
17075 3293 1279
11922 16579 1190
12496 31840 1836
18488 10882 49
13261 6457 2509
36198 1711 543
12368 22735 986
26555 7086 470
29149 436 1143
13040 3545 2344
387 23560 1118
22535 22243 1189
24207 29352 1010
31110 20586 2097
5050 701 49
32570 16983 784
2502 1965 1475
1213 907 1471
10724 400 1299
1711 4789 1663
8778 25028 1495
24281 31433 1263
9560 2914 49
19927 8269 1823
1364 2811 1516
34124 3151 947
14260 19875 49
8558 34919 1273
16903 6351 49
26555 10455 2419
365 24242 990
10639 6351 3102
351 30462 2855
186 6698 49
16731 990 1345
937 16036 1387
887 14214 1557
28983 23633 1136
22070 1769 1495
578 26288 2174
13527 33295 2113
13511 609 965
692 20645 606
32463 17801 1785
28446 34035 2062
25539 28298 3635
3566 16438 292
12816 17465 683
28819 15879 49
22846 29428 49
8090 21022 3036
15168 9 49
26127 12835 2803
36325 33839 685
2221 13895 862
10564 6254 3228
11606 26930 360
34554 34370 1219
19939 9598 2309
1481 16080 49
15958 5730 49
4628 11350 49
18649 32570 2485
22951 16731 1238
32924 29526 1967
32 37035 2439
6940 8126 1422
21563 18766 2715
12894 1580 1877
387 6254 1717
35518 5239 1126
25735 7886 1461
17865 6588 50
14787 3958 50
158 24680 933
7694 10523 50
34114 28829 610
30753 19818 50
10554 17801 1786
9958 36432 1027
14569 9403 4363
2433 6563 50
21358 29352 1733
30753 5832 50
6027 31572 863
675 36057 2228
19140 26660 4393
28655 26297 1410
3021 12197 50
26325 20196 1307
20711 18846 523
9 1606 2198
27964 30393 2364
10534 21518 1412
34468 18394 1395
4396 29999 740
234 36814 2172
25695 31143 2934
25695 5787 2934
5961 56 1561
228 855 1255
6569 5545 2369
982 18693 2332
17627 10876 1742
13417 21420 459
30460 25382 1807
11318 28063 2135
28555 9365 1599
17997 10458 2700
11528 33 643
2038 30032 681
4814 27793 758
35616 6690 1230
356 17482 1118
6784 9403 3778
19945 5618 3123
31272 24498 1235
34961 18932 1645
29963 14774 1670
2568 13217 1701
35438 19583 1233
32313 617 1721
44 16489 1950
29240 11609 1240
31152 6111 2391
11194 2811 1483
31375 35461 1648
1244 8745 322
10509 10549 1321
33294 26297 2899
9119 962 3568
32194 13642 1298
34881 26930 366
28464 3980 938
16681 7946 50
19139 10558 724
23819 2502 3313
22200 1965 1211
5338 30731 3478
23629 9611 1770
14807 21283 1499
2595 8523 1133
11824 33514 853
26945 8635 3096
28911 28017 2901
14648 8929 1422
35439 27918 1336
25028 23786 50
16786 31817 1941
18150 26629 2590
23555 14569 50
31949 541 83
1102 16371 446
29166 19514 946
9966 33921 1876
32355 21455 1602
207 35166 1642
29091 9727 50
20739 23570 50
17285 4768 50
662 25735 570
12484 6872 50
26835 34652 1787
28496 15728 1967
35308 7353 1248
15457 1033 1440
23711 13049 1451
234 17623 1625
1629 30191 1390
1325 840 51
28017 29618 1904
12553 1468 1467
31165 30635 932
24423 11158 1828
21771 15217 1262
32430 12960 51
34713 18476 2335
6303 22020 1674
20658 674 328
35166 855 2015
18865 36318 1792
34919 45 1323
812 12159 3461
12684 13717 51
7053 26944 4234
20182 15847 847
10618 34012 51
12548 13412 3071
19560 2349 1572
32089 420 1451
23654 27856 51
30119 8460 51
14187 4477 51
16999 19917 2577
33468 22535 223
28760 1642 1223
26518 4396 2629
6832 17482 1362
13958 21520 518
12657 31658 1770
15823 15049 51
6940 21291 1423
35461 36357 1888
12052 1024 51
23220 30779 2167
15272 400 2034
16578 25615 416
25043 3095 2374
1603 1206 1414
24372 28900 3200
10948 31079 51
35461 24254 51
9528 9141 2689
13814 13131 500
17155 1965 1871
23897 24804 1891
13 34972 1909
12335 26186 51
10323 44 1100
343 1590 1778
4843 7086 1281
32343 13127 1939
840 3316 1556
20320 1970 51
22580 15715 1073
7782 32727 2662
23654 26150 51
26940 26660 51
11973 317 1667
42 23063 1423
34444 36611 1441
7782 7608 2662
3545 20718 347
27100 24731 1744
843 52 1808
31471 27557 1462
33921 29983 1662
5808 13824 51
1642 31828 51
18143 25539 908
9345 20019 1853
1904 31574 2680
34739 36 2130
8697 30679 426
2502 17911 410
32727 3922 975
16161 10051 1570
3834 20848 1161
5192 33064 2228
20486 13364 619
14962 15215 52
14787 7944 1721
13562 35263 52
27527 15987 52
420 635 346
25164 9430 3032
11609 36535 52
31658 3040 2682
182 19565 1305
24812 747 2470
10282 13819 864
972 7592 371
20084 5239 1128
12736 32167 1514
35007 17766 52
24266 7494 2315
15131 22774 1943
30871 26381 1764
34410 20481 1659
2091 18952 1463
22774 18490 1780
3151 34916 1838
28136 31817 52
9497 10621 2034
5116 715 1192
13559 9929 3153
33606 4396 742
33373 17360 906
33553 26699 940
10619 5389 1702
17801 9131 1788
25780 24256 1642
11925 5389 1553
14564 8851 1713
7236 20015 394
36128 30714 1261
855 33178 2507
8373 5278 52
2831 31644 2421
29594 5471 588
29149 27182 2839
660 8635 1973
8635 672 2217
34423 33178 433
6588 25357 3682
9063 32355 829
28446 30779 2979
25251 36446 2277
689 13068 616
25578 807 1228
7405 30871 52
28160 4814 672
13895 1213 1214
2648 18093 556
10422 29317 52
8558 23667 2691
10742 32878 52
19876 5050 940
18208 25780 2446
175 4396 742
13190 20887 52
30679 19566 1212
3347 34264 770
3076 2934 2565
19942 24129 1802
31615 8774 1022
30597 1310 1576
16161 28855 2470
1769 5779 1025
14017 25269 52
4333 1315 1739
15167 27208 53
34596 14017 569
1226 44 2643
11898 883 1577
31380 5522 53
9284 685 2026
11605 10121 53
25088 34872 2105
1503 246 1737
30597 14260 1577
14695 26506 2047
34939 14952 2144
14017 6961 53
20782 34502 2055
1084 1315 1761
28916 23300 1681
35997 385 415
510 36611 1114
13562 26660 53
25923 12575 53
28644 1769 953
1670 26413 456
8967 34648 1351
14925 17924 1685
33741 8080 53
7042 34713 2380
19942 26628 1803
2590 2502 3851
12372 12310 53
4292 24812 4196
27679 4245 1857
5975 24423 1777
17465 1970 53
22989 207 986
29159 12931 2622
3095 1071 3289
811 23063 2067
6545 32770 1056
30462 10391 3029
25028 2875 53
6420 6259 53
8763 7326 2974
17054 4963 2930
189 26269 1061
2008 33474 790
3 28890 816
27598 17075 1428
35439 11246 921
8649 681 831
178 19316 2622
9743 23767 1058
32435 18476 3765
1037 23999 1742
19945 6870 53
13527 1653 2491
19898 26326 1549
8774 315 1547
31572 20232 2307
16983 1272 2821
5554 5824 564
15241 35315 53
33996 19410 53
15168 25028 53
21137 9603 451
20915 16372 53
855 7955 2509
3688 692 2184
19316 318 1015
28298 11702 976
24224 33164 761
25578 76 557
22951 11973 1214
27100 17054 1917
52 28063 2078
52 15191 1615
7891 473 526
32376 24690 5157
20915 26707 2255
15457 27634 53
14659 33178 836
1503 246 1737
10509 32337 1141
26765 27160 53
155 6750 544
8842 7236 53
37216 21098 1163
1102 19927 54
34939 5185 2260
13094 9658 1516
37206 16510 962
1492 31810 987
4396 1024 744
16466 3139 1267
12931 23291 2314
33294 3176 1983
20481 972 1323
16756 31110 2140
20464 7955 1252
17486 31772 232
26297 22842 2267
19316 44 1514
1128 19140 4397
8842 19875 54
28934 19945 54
189 29950 1421
15168 5554 54
34820 22669 54
5025 10948 54
41 26604 824
2595 1885 1137
1700 3115 2126
16452 12883 683
33463 14187 54
7935 26555 1496
30069 26288 1681
26673 27598 1381
35279 37044 941
17075 34559 2015
19623 15818 1697
1136 22966 805
7940 6353 1117
25354 11182 54
31479 23746 54
15131 32628 1845
17482 11275 3155
24804 18780 1894
33523 27468 2968
21674 26297 1079
1829 8720 54
10397 14925 1551
27482 692 611
18180 18766 54
34939 18208 4346
21075 798 1926
8722 11505 1814
15823 31616 54
7782 23570 2665
21075 20524 1926
23786 16372 54
26228 689 1902
697 21223 691
5190 1206 1943
18174 27468 1122
18049 16265 854
14314 32623 2909
10907 10299 54
635 11194 1109
28814 14648 2348
1244 16265 1126
26325 6457 2949
606 23667 1253
7086 15827 475
3343 10656 1449
21501 3343 1126
30815 26659 1581
6563 24466 54
33689 31244 1241
2634 27085 967
29091 10619 54
7405 24913 54
35619 32105 792
840 21483 54
30652 22583 682
5185 34939 2260
1793 22670 54
3176 1580 1341
90 227 1507
29593 27951 681
228 34559 1051
18932 9958 54
17557 4691 2439
20911 24429 1181
37259 25615 1843
32748 33392 787
8558 1629 291
30679 5116 816
19945 28934 54
34023 31900 1776
25357 5315 4257
28934 20389 331
234 35621 2181
279 11181 2022
32557 4895 4109
9078 2631 1519
227 679 1764
27598 11690 2151
730 32354 1149
21483 501 55
1711 7592 2086
30284 13094 1197
24256 37 1402
31658 24188 2560
1530 30807 442
4789 34739 2746
694 15963 1242
20225 29740 2390
33373 18845 2066
12572 35619 1087
17240 19680 55
25576 15603 1628
34875 690 941
35968 428 1278
3589 29775 55
32275 19294 2704
14578 14093 2056
2046 23300 1756
9403 31584 4368
29805 32770 726
35870 1530 1622
5133 1181 2416
36484 35439 244
7494 16542 55
29498 11386 1149
13364 31828 55
34911 26334 1655
9729 33463 55
36155 22070 1379
26770 3095 1089
23244 19945 55
24987 26669 1410
32557 15754 4110
28063 3980 1740
11386 26297 2326
9481 688 1986
35869 32916 2197
16115 33872 1978
11222 20015 397
25020 17342 55
11505 4691 1763
8204 12159 55
26297 26682 1317
25164 26043 1380
17819 855 1525
26933 3363 55
18203 684 719
20220 14484 2206
32828 6132 55
6890 250 450
35807 730 1406
15241 1084 1098
35461 747 655
8652 8294 2102
13086 22678 55
20686 37 408
36446 36546 1500
12839 5653 3261
30679 16181 55
8080 31813 55
35166 30867 1833
34939 5016 1610
2116 35421 750
29878 12575 55
7125 12310 917
55 13013 1740
189 1492 1184
33178 17527 417
22135 12867 55
609 22735 682
32 1485 218
479 10621 884
5747 26810 524
5173 18862 3862
1916 7940 1527
2502 20586 3164
4814 7935 750
29230 25394 55
35939 849 2212
19294 4691 1628
12816 14220 689
2046 33035 2720
20047 1395 55
7944 33284 1724
14612 15754 4010
36326 8635 379
26528 36832 1376
21220 24185 727
8294 8652 2102
4401 2831 2199
26413 25076 1829
34919 620 1429
5389 10907 712
24430 24466 56
19609 428 1806
26162 186 994
724 12143 1951
17155 6588 643
836 25706 2460
24841 988 2523
26119 37011 973
16045 13932 1394
11350 14787 56
20950 16480 457
11730 14745 1956
1054 26933 2682
3293 169 1041
28449 21098 1888
14695 34947 2265
30284 14649 1188
1648 762 774
603 37152 746
5992 18092 56
6870 4906 56
26673 26119 683
32338 25532 56
9611 23577 56
2032 3567 1001
25615 15217 1267
7095 2813 1329
16489 9365 1007
279 26215 1810
8745 26463 1816
22576 19822 56
51 28950 975
2845 27464 56
10549 586 1990
11630 14693 4039
19332 34410 1402
28338 18845 578
19480 8272 1497
22557 21098 726
609 11606 1498
3722 22129 2351
4802 30916 383
2008 921 1058
16371 25047 452
32355 9743 889
19927 25679 56
20810 33872 2223
27693 20686 56
26381 12130 1137
9430 17459 1881
11713 31181 56
687 18150 978
21932 35116 2272
13 19237 1848
11222 14885 2881
10416 17434 56
1128 28056 56
16336 1087 2542
8303 9598 1448
4292 36552 3013
28814 32857 1443
12555 812 1953
6750 35468 2642
31971 21483 56
27186 3558 884
18481 31128 56
19012 18100 3963
189 19623 2349
22669 3347 56
36454 1206 1609
30714 33763 1265
18862 24947 3459
1580 2453 895
4789 27982 2598
16 1629 689
937 501 433
11573 55 1359
25615 34012 56
4330 344 1151
33689 24714 56
34554 32089 1107
3834 29226 2771
2964 16637 956
19472 17721 56
617 13094 1027
8774 365 685
32250 20686 3042
19411 34881 56
32635 12795 2108
20103 5315 2930
10777 12544 2098
34911 1353 2934
6254 19203 1316
2797 9886 56
1018 8690 56
18488 31789 56
4597 31399 56
3293 1530 1235
14214 34423 1841
29315 34888 2127
24259 30323 472
11544 3914 961
19547 23320 1498
27964 24519 2371
1580 30584 1919
6672 35997 57
36057 1272 2875
32192 685 2160
12822 12646 1314
20877 15654 2694
31543 35536 1956
24030 36838 2954
33180 13280 940
30920 36896 2211
7042 17636 1541
16336 18691 1335
730 836 2423
36155 12795 2027
62 33064 830
4245 34894 2737
32683 36155 2027
20220 15808 2353
34961 51 2193
122 710 2574
17054 52 2586
20930 11827 57
26288 37206 2403
10558 586 523
1087 37230 891
14664 34919 1058
36092 30530 1579
356 13854 2364
204 7592 1490
22535 36685 1292
24987 5545 1700
27186 31572 1699
23084 36354 1410
31813 24913 57
3306 35079 795
11349 684 1529
29116 36678 1455
29213 13914 1388
10978 9333 1005
3558 20220 2434
23300 33523 1665
20711 12571 1863
33553 29347 2569
3980 182 782
11015 28760 1229
37227 44 932
23767 22580 1115
690 16999 1422
19917 1037 2765
1226 18333 878
1395 5278 57
32147 1364 981
4876 8 57
15679 9403 4370
31825 32728 1250
15958 25680 57
13363 6128 2836
32354 321 960
33271 30032 417
812 2389 1655
642 34967 2640
960 10866 57
29818 1364 106
12052 1445 57
807 35333 1233
17682 21644 1226
14102 356 3174
33314 19876 1038
34646 344 2902
35252 26325 1655
2980 7123 1288
15951 42 566
24925 7556 2070
22989 19316 1803
4876 17240 57
8635 517 729
18407 413 2757
35833 10656 3051
15049 7946 57
18150 11480 2832
1128 13562 57
34274 21009 2160
25369 182 2459
9430 883 1709
21098 5236 198
30920 15762 1710
33107 246 1224
1226 34086 1069
28231 16046 722
5133 1510 2577
32354 12535 1004
122 5160 3085
25615 37198 2189
37221 25646 2035
52 27355 1532
17477 32727 57
6922 29999 57
14017 3922 980
18242 12867 57
189 4032 1142
813 13586 2922
2628 18945 2611
7736 2875 58
35315 14762 1311
11181 32069 1657
37227 5982 484
23291 23161 58
2313 10523 58
5625 13097 1019
25591 17336 876
15254 28093 1323
14885 20184 2883
10455 7048 2142
10621 11367 1680
15923 33610 3054
729 36155 1176
25476 7940 1121
33234 22966 1333
28655 16823 2785
21090 76 1738
10618 36685 1293
27622 15619 2100
7330 499 3289
7302 1055 1980
17075 11367 2429
7955 23767 198
14696 27088 690
5073 15879 58
33107 17766 58
26186 9629 1472
18092 16009 58
36787 32069 1057
25002 17390 495
23786 24925 58
19023 13086 2544
35461 34137 509
441 537 1402
6386 10807 58
19332 24498 1513
189 36346 1593
16009 19680 58
15250 3025 1816
26228 12572 629
16624 22070 1504
22382 19486 58
7332 23445 2261
8929 35010 1528
7211 35434 1934
7634 22139 3011
28723 6353 685
36247 33294 1726
13562 23577 58
992 692 965
11480 329 1635
2221 29927 795
14789 31399 1117
278 35082 1751
7405 8460 58
15657 12126 2439
674 14 883
33610 21106 768
18755 9430 2269
27622 5755 1707
11818 2390 2753
34554 19745 1247
972 16329 1261
20429 1240 1076
246 18425 1387
898 17421 944
1087 28365 892
18602 4161 2321
31247 31433 58
29352 22999 58
907 36037 525
1364 10621 1881
9170 7263 3085
36153 26119 1924
517 33373 1665
18741 13642 1225
19407 19680 58
15626 6438 3985
26269 400 1339
29427 23654 729
19332 21501 1360
9311 12725 567
25354 13127 58
8120 13781 2300
1655 36990 1288
10724 22842 1799
29315 35333 1780
1102 3085 58
36484 1629 1600
1603 8558 1952
7048 1965 1300
37287 547 2469
34648 15602 1008
31405 9598 617
1022 2914 1729
30866 25325 59
19942 27856 1809
2 8635 1882
419 885 1573
36318 32635 877
3343 36685 1065
30652 855 2514
56 30679 1383
7244 32194 2954
17527 19876 1310
37206 12450 298
485 7592 1582
36831 5982 803
32165 188 636
42 36118 1278
10191 21137 3881
10882 22715 2503
2465 13664 1618
14172 13363 59
16224 3779 59
6132 7556 2072
13496 3894 1247
36897 724 2229
1136 28160 1645
33741 4628 59
33178 29721 1922
11222 16786 1950
33597 18333 1093
10534 36755 1385
32752 25164 1189
21063 23300 1237
28414 9833 3823
31453 25859 59
1603 730 2059
33867 7479 2553
726 29793 1450
10506 37051 3100
37096 33271 1285
35788 12071 1427
3914 28814 2336
32879 55 2005
14017 21661 59
3847 8325 2617
9939 22669 59
17730 2616 1444
16158 17327 309
25910 18049 59
514 34166 565
10509 17636 1147
37230 25251 898
16735 25899 1085
17655 10534 632
19687 12496 1837
34114 13392 1598
16893 5723 2530
12511 33424 2716
16270 3458 2238
7505 22951 2246
32194 3988 1734
17982 31658 2972
29740 20451 2045
10978 1213 2326
11390 18481 874
36635 23021 1339
18945 36905 987
6128 13026 348
20213 16725 2038
33872 13269 1982
10651 23025 59
10450 8842 639
35425 849 1995
10807 20852 59
4032 3715 1173
31479 28056 59
20486 9007 626
19083 23422 2044
29226 5459 1665
13610 35845 843
37035 26691 2277
33294 5185 3235
17500 31584 881
5185 16339 2486
5785 30679 3032
557 29909 59
15241 33446 2202
18260 17924 1691
428 26402 1793
26405 147 1020
67 28346 1241
1590 5116 2619
27339 473 757
36546 20541 2392
10121 31616 59
22535 5192 1795
32355 17689 1484
18093 17477 563
20009 33872 1284
33587 36079 504
18862 32135 1278
34116 16059 635
482 5375 2188
388 1549 449
37206 8722 1918
12572 26693 1142
679 28 1742
13412 2571 2982
26933 21144 59
16681 2465 1618
15777 2396 2677
5522 23659 59
3316 21138 1564
30535 33587 59
3980 24947 1238
19680 21596 59
3589 23972 2418
11275 21137 3709
31551 31852 1445
4347 13217 1711
35572 250 1715
104 24118 60
33587 11550 436
32167 25859 1522
28890 25090 3178
1128 31971 60
13629 32147 685
24861 5220 1289
26810 35333 529
34648 5192 1796
36571 13412 2716
24429 18741 1187
32878 9131 60
20104 3654 1303
26769 36700 1441
4163 17336 2438
27622 19583 2587
17455 25057 60
344 29352 1047
13686 2568 60
18143 25893 60
34551 36638 1576
7969 7413 60
35835 27160 60
660 25871 2118
33178 21651 2279
16725 10566 2905
6803 20698 1948
21223 2567 2500
32250 11973 1638
1829 10121 60
29066 20683 60
11480 9902 3235
2251 15254 1883
15460 710 2011
15679 13097 1021
31615 25090 2475
4963 13629 1140
36525 23317 1487
5653 9842 1832
31681 7332 1973
26131 317 1024
21098 13280 1019
3293 11550 1037
16270 19251 1961
8821 29149 3114
14616 3567 474
37206 2574 819
5471 14649 60
11181 23317 1233
15463 1468 2822
7479 21337 2745
30119 23570 60
33763 26604 60
25157 9007 2268
16408 482 980
11922 28890 3067
11922 2251 2686
8782 36318 2339
20196 5173 822
2453 21501 1810
10472 667 1684
13 321 1286
329 5993 992
147 35870 1794
12351 1087 1621
14214 22129 1518
34010 14513 1630
3769 8294 2442
25780 2710 2250
17054 1485 2362
4245 13496 559
1603 36770 2890
14885 16464 709
9743 10537 1258
724 8697 931
33533 18649 3204
3769 10948 395
37227 479 1380
32975 15631 1423
19332 7599 60
5158 12613 1999
10416 21138 60
35621 35407 2090
16369 20486 627
25088 20182 1846
15788 2600 1082
32505 1128 60
30924 1352 2373
23393 25871 2035
3834 2396 1169
32147 15241 482
34875 22129 114
27761 23896 1006
32068 37198 2285
1226 34229 1042
22535 8558 442
8129 14918 1105
2710 23404 1856
29149 898 2513
4084 25901 948
25584 19840 2177
25735 2008 1398
26297 34649 3148
13211 5173 1704
26046 9958 1092
26669 30868 1598
32089 4564 1218
32343 22616 2716
10639 26647 3113
17486 418 1872
4419 15147 1564
8272 23220 3079
27100 747 612
16438 7506 1184
15619 7233 2103
28160 13807 1455
19707 13467 2668
420 12071 3316
15273 7512 2478
35439 7330 2328
13527 26131 2667
1820 33373 1614
18256 16464 61
8782 26691 1692
32026 28841 61
36079 3769 2007
14626 960 1706
44 31825 1722
12926 4377 491
26381 25394 1712
29267 18506 1938
9106 31825 2311
6214 2453 895
293 33587 2365
36896 12171 2298
15602 26405 1929
17327 557 61
34652 677 1428
14172 17682 1870
36247 29805 359
1592 499 544
7736 22967 61
15919 14311 3175
11158 8031 2677
20852 16637 61
21144 17531 1824
12613 30304 61
1944 17327 441
28664 28496 2803
16489 35166 3452
32134 13097 1022
18040 907 1396
37287 30088 2161
4409 22139 2488
22846 13322 61
55 15449 495
19293 20739 61
36842 26119 1451
22600 10651 61
1769 5236 202
28531 34919 2151
37281 29498 1256
22200 36057 1102
2380 32192 1614
15466 26150 61
26659 37244 1044
27186 17042 2720
14172 1169 1775
10860 6015 127
8352 8778 1507
32566 11703 61
18919 30485 61
428 35712 1763
9007 5459 61
8031 2590 2947
10241 2116 1107
28365 35749 1330
1965 18865 1306
33553 16747 2223
11566 32355 2036
20047 30447 61
28840 28312 2883
620 4096 2121
710 21009 3078
29352 16699 1997
32047 428 2590
25325 10396 422
19822 19942 1811
37096 2710 2460
9966 26150 1887
34652 31090 2017
35252 17032 2504
890 7048 1691
9629 28136 1475
26119 20007 1161
13496 35925 1309
5375 24987 2190
4268 35333 2689
28950 10566 1984
17595 28063 2451
14952 37198 2193
13798 20220 3015
23786 25494 2475
14626 10807 1706
24233 15851 891
165 1022 1343
19808 19938 2216
28136 13914 61
33926 1492 1089
29799 9824 61
29618 24188 1383
32460 21122 2326
19754 27619 61
25629 960 61
215 14493 207
14738 30012 2051
32503 1539 1290
9611 27619 61
4347 14314 2436
14578 995 2723
44 32245 1194
188 17911 1128
10230 34939 1313
19707 35116 1521
3705 32460 2059
51 24423 1649
7236 8122 62
30823 24841 62
36155 1539 1169
36247 11573 1344
2380 28666 1545
34646 413 1149
36318 36896 2352
1769 20213 1924
29230 34456 1390
30530 32069 1002
27283 28840 62
27689 33872 1985
32135 31760 110
20486 17398 2623
35503 18160 2341
37206 890 1614
6803 885 3091
2072 30679 811
4549 25735 1436
30491 908 1347
18691 33689 287
6940 7782 2162
2435 1606 2210
2502 1539 1798
3243 16542 62
3980 2210 1820
12351 22765 2507
32924 24821 2408
26282 29909 62
1606 6128 1452
9141 21519 62
501 12960 62
188 2390 1715
813 14887 3487
18476 30531 2432
27100 2753 1080
8359 20007 249
1887 8269 3280
12171 26738 1863
6220 13558 1732
9958 20782 2008
4130 32566 62
30447 7178 62
16725 28531 2454
5236 10724 203
34197 329 1842
3458 35461 2178
279 992 1571
24498 31572 1497
11367 17614 1732
33064 17244 1986
5975 35518 1118
6899 36021 62
34023 435 2282
29836 18476 2713
13118 4893 2661
368 1353 4044
35434 35925 1086
21185 3971 62
2433 15866 62
30121 1970 62
16371 2875 458
15873 6438 3989
617 321 763
29066 35531 62
35572 699 896
27186 35503 862
6214 36635 858
31900 22535 453
29963 6214 2292
798 14925 62
30679 18333 233
690 14007 1853
17054 15827 2702
3040 1206 1206
36804 29498 1474
36635 6214 858
11973 31543 2356
20372 9106 1519
32566 30147 62
36979 29315 2232
15168 16681 62
603 25078 1535
30679 20882 62
1069 317 1670
620 14851 1846
6123 29526 2994
31439 36318 2771
1885 5618 3135
25431 17032 2284
21119 17161 3147
21932 24423 1723
12046 20429 434
485 18862 2635
31453 13353 62
26149 102 1923
329 13895 1791
857 4333 1119
2453 6361 940
27256 8080 62
642 24731 3057
922 25369 4122
22580 17068 980
15827 293 2366
2292 5136 1994
29917 23659 1816
13323 33160 1748
25808 26707 2646
13642 33107 1229
811 165 2013
8778 7608 1508
9100 8788 966
33620 12675 2907
28877 13824 62
4814 12511 1599
29091 29909 62
5173 278 983
32171 30924 1924
32 2002 2791
20879 1556 1321
17078 17240 63
13086 798 63
36454 588 2117
32250 8993 3049
18490 29846 1606
2363 29818 2192
3151 26269 650
14 4550 1837
1492 17244 548
31786 4847 1939
14679 8649 2040
730 14631 1722
5073 22766 63
7079 30732 2549
609 19917 1724
12646 31852 967
35476 29333 1546
30485 19680 63
26297 3458 1447
27679 28556 1263
27745 32683 63
14441 13511 2475
28080 27761 600
9848 36439 2010
27186 13340 1673
907 26691 2177
35461 16746 2248
34086 27209 1466
207 33363 829
29968 898 1441
15428 5832 356
1050 10621 446
7326 14565 63
12277 133 1357
12368 13404 319
35407 17360 1355
19306 11912 1433
11544 3980 1429
4409 234 821
28427 26162 1286
3781 29927 388
13586 6988 1746
31615 2125 1866
25780 1903 1180
17595 23767 203
13664 3769 398
8889 1492 2291
32167 7335 1525
3176 34894 2568
6792 662 1876
937 17340 2951
1887 3115 3702
25578 4549 1420
37216 16731 1059
16722 33741 2720
20950 15241 1178
13989 15777 63
25431 18160 3544
29315 1272 2855
23300 10621 906
23404 23667 1346
20775 18919 621
29284 22580 2130
1213 15215 1001
22200 336 961
730 25417 1799
34739 17766 497
11246 8288 1252
10269 16059 196
31810 17606 3201
22280 8288 1791
3818 10450 643
21291 9889 544
697 907 690
186 30284 1739
990 9100 905
20007 24498 337
6792 169 1322
19410 29166 959
10732 10554 63
35517 34468 2126
25923 19927 63
4814 20407 1001
3845 1684 2135
24841 19754 63
36650 1961 2237
5599 13199 2195
16735 37227 2222
18160 18691 2494
1904 36454 2042
147 352 1265
6015 926 63
28322 35139 63
2221 11550 1838
26228 692 1874
19623 17557 3382
35790 28443 2321
17818 11818 1160
37011 29618 532
3343 364 1992
11690 400 1566
18551 32 1650
11550 36456 439
17911 2453 793
26738 32105 984
5136 2449 1978
2389 21094 63
27100 25591 1617
27982 34713 2063
8635 32496 1074
21227 9252 1268
3639 10173 1093
36981 966 872
205 7685 2813
8288 36079 1072
25090 2040 1650
3095 1900 420
33394 18741 1750
31584 8601 2038
32134 19012 1541
316 33160 257
25164 10705 2313
7736 36021 63
20015 26282 730
4814 5190 2360
329 5845 787
10628 28510 3928
10554 25357 3694
31244 18691 1477
16189 29968 3028
23694 6023 64
10510 30584 1142
34086 12046 485
11550 26685 1727
20451 36153 2937
2887 19927 64
18333 671 1029
5755 1113 1917
26513 18150 2368
33620 30914 838
9516 35434 833
9701 12926 64
10397 10465 1561
35913 17336 623
35616 36180 498
27886 33474 412
5113 17054 2455
16 2892 904
23084 31471 64
11318 34807 1768
4814 16510 2462
35536 36755 2444
2221 18510 2387
8 34035 64
26685 987 2050
18256 5751 64
15921 28819 2156
22506 1084 2022
27186 36153 2229
890 18862 2191
13322 15049 64
22858 21337 881
15217 23491 2209
21368 4900 1240
11550 25871 2143
37096 17342 1047
16059 5136 1998
17606 2914 2241
20686 882 64
26769 19566 3025
2088 287 2932
2502 25643 1926
32778 10876 64
16823 20782 1794
293 905 2071
10705 33474 1878
11712 22715 473
32825 726 878
25893 18732 1713
23999 34646 2387
747 32209 664
27986 23491 1782
2 19245 272
317 20220 2499
1623 35518 1908
23866 5323 1762
36525 13519 1387
13517 13103 973
158 10450 1528
9431 12244 790
10724 1723 1118
10558 30178 151
13323 29022 810
189 29173 1142
35925 9210 1423
24951 16480 1734
227 27100 757
28338 32147 3650
22382 16694 1205
2830 34894 1966
23244 18874 64
30679 22776 1722
22678 26765 64
5629 901 64
678 27598 2191
25639 27780 904
26043 8649 1387
898 36787 2120
31574 19687 1501
55 27793 1695
15762 315 2363
1713 21337 2030
13013 34387 1858
18819 29498 802
20718 695 1603
7059 34661 981
667 1920 1189
418 35166 1949
22745 36832 957
20915 19140 4407
178 642 2209
5167 2072 813
17161 13118 2663
35591 19823 1430
7969 34424 1763
19203 2706 1942
26940 13517 64
29521 18150 1315
27557 12675 1332
7048 36079 1767
20524 35438 2509
10827 36725 1053
28650 6872 3192
15788 16038 982
34652 26927 2483
8763 6588 2985
16839 45 629
6438 1395 3991
14562 37051 3116
1353 33256 1545
9007 8460 64
9560 23910 2098
32857 19570 1193
9824 30870 64
1087 28 1278
26043 17934 1939
1965 31634 2109
6351 20810 64
509 29805 978
28365 30032 1232
1669 5315 3843
26555 31247 64
29619 23746 64
1670 33714 1829
24642 482 2986
2677 13959 375
34429 23084 615
15626 19186 65
29618 245 2095
4790 33858 1950
3433 11922 1510
8399 4607 835
8129 23411 65
4396 4161 2004
9743 19876 860
8649 620 1292
687 608 858
11922 18945 1773
34919 15015 2840
37117 34939 2180
3422 19602 352
35919 12802 918
19876 17645 1313
5315 7694 3844
15035 35166 2129
27100 35517 1651
35619 26629 3333
36354 15951 1418
25394 17240 65
317 7454 855
21203 19251 2031
34078 31817 65
19411 2590 2001
35870 12535 2045
8774 990 2238
329 29267 3321
1213 30491 1582
1414 16694 1206
7764 5161 731
31307 25269 933
7634 36325 725
10186 24841 1452
6214 25899 1904
24731 26162 1685
15217 34554 1979
16 37152 618
16694 2879 1206
26024 31658 2691
937 18256 442
32275 30731 2726
1594 5136 2600
25706 18565 2671
3176 13819 1840
6988 20707 65
8335 30871 65
537 30486 1199
8657 29317 1342
34947 28000 1257
32217 20516 65
23866 19680 1763
16158 28510 315
1102 13958 185
24285 5554 65
1475 937 442
250 7151 1039
32635 3688 3668
13562 24841 65
1590 1820 2435
419 36180 2654
28000 617 2511
15541 30652 65
54 18862 3110
28644 165 1266
25679 25629 65
413 17934 1676
13322 1700 65
1904 35749 2119
25871 31308 1675
36217 33128 423
5190 677 1239
2390 8378 3154
4268 8031 2656
855 20407 2854
18459 20103 532
31244 19316 1219
17434 26550 737
501 32684 65
13118 10121 2664
35252 24714 724
9170 33234 1473
12572 10876 358
19083 15466 65
36650 26699 1062
31817 18851 65
28449 16438 1621
30823 15250 65
33606 33921 65
20725 19945 1344
12553 27666 682
3620 12553 633
17588 1325 747
8889 1136 2314
20516 13562 3106
24254 3293 666
36137 19332 1648
30462 20202 3529
35116 36958 3244
17054 3306 2580
2695 10732 65
1567 9170 1981
7599 1442 951
19818 25584 2182
12776 28445 3481
31143 6453 2135
8782 9310 2269
33922 13 1838
21122 27231 2202
2 31658 2321
33921 23078 65
8094 24790 65
7935 12572 1814
23033 17054 3316
26335 36514 1444
29593 1904 1475
10791 21596 66
13893 17360 1927
20705 3343 2084
19794 15051 66
659 11922 1845
26463 26008 1018
34646 35540 621
517 15963 1144
35230 28650 2035
30119 10907 66
35213 16731 1830
33839 33146 900
26604 34894 1690
23300 33881 2397
30823 2938 66
36586 37206 305
687 20084 988
13496 14693 378
3347 31479 66
6385 24224 981
34939 441 1733
12960 6940 3454
14671 12675 161
2390 23084 1137
22774 2695 1794
1814 2628 2314
14186 23819 3151
36218 684 1522
2210 22369 1915
26770 8722 1624
9166 28841 66
671 36821 2260
26930 27986 1640
18628 30652 867
9603 30470 464
5509 31381 2054
29530 20658 1464
30866 22669 66
5747 24737 671
17241 3705 1434
2590 26043 2074
21288 30679 1405
16438 2914 1127
4768 19514 66
35870 26448 1564
33178 31759 114
36831 36346 2487
15433 30726 3218
15873 15657 66
328 4591 3105
5501 34729 66
56 9310 950
13464 33587 66
24279 33023 942
10551 228 402
34886 5239 1106
34327 6639 66
10705 1364 1961
10396 1310 427
31380 23025 66
21455 23560 1651
2914 287 3255
33 31415 1630
25717 1180 2406
34713 8993 1766
2 5747 1889
1281 32245 798
31749 36318 2300
36179 13203 728
175 23161 66
907 16270 584
29428 8303 1458
14735 17682 1875
922 32818 3922
250 4536 1017
13404 15762 1219
17327 20601 738
8103 5364 2689
10791 21142 2619
22252 32358 66
31595 24994 66
11702 29619 66
2811 28916 2741
11377 1769 66
36218 22765 1542
30032 32916 1989
29216 34961 1996
17477 30597 1590
33310 27222 66
2811 1087 921
12661 2099 1779
32521 25899 419
12130 22715 1507
738 3620 930
26259 27986 737
32243 24470 548
31534 34919 1549
36659 20686 915
33178 11566 489
18732 32505 1715
5785 37206 2538
36503 8697 1326
5016 2811 591
9686 21090 1686
2677 27283 376
15619 6639 2108
27310 824 888
4032 25251 1434
16189 35494 2139
28644 1442 1797
16849 5364 3439
12661 4359 1239
10791 24519 66
20810 20711 539
1281 11606 488
19777 227 1001
857 13094 1137
27150 15024 1206
13203 37198 2157
29317 29428 67
28916 972 1501
175 17477 67
4377 12802 497
27088 25555 67
15818 29284 2367
35871 4333 110
8120 26628 67
13322 5220 876
36217 36037 254
36988 13527 1485
962 14017 3585
29793 11606 67
35518 21455 67
36079 28814 2307
22446 34911 2421
34192 31574 1983
22745 12846 2451
37259 31165 1816
982 2349 1588
11609 31479 67
5441 517 1986
24690 15171 1161
1364 15262 2511
12052 27689 67
2380 24808 1034
25891 13511 1593
961 20154 508
32135 2710 1750
32222 8904 1293
95 6545 2485
4163 33424 2959
26168 30687 1549
7505 33553 741
4900 32728 959
51 677 1888
7042 14311 3312
27655 30652 922
175 13086 67
30460 3422 1824
887 5190 1963
34919 2321 1662
29619 20357 67
3193 1442 2398
13323 23999 1928
247 19251 1653
15241 34086 90
16983 34509 780
26046 35333 1099
32885 24987 2114
32171 1623 1534
27209 21501 1981
26168 27793 810
517 23667 2635
9528 3363 2705
29226 30779 2882
34894 32088 1842
16983 30167 3286
36354 36093 1663
1920 36552 1561
33107 30032 184
5747 34387 1902
26770 3980 1186
27468 18333 1840
14686 368 1051
18755 21518 67
1213 26259 1875
32250 9481 2107
15879 14789 1126
32518 247 67
25461 36093 461
724 11544 1523
17934 20213 2369
7413 647 67
34429 35616 617
24913 2940 1615
35833 7053 2911
1180 1999 2169
23244 15004 2359
9516 279 1554
10777 12496 1839
20516 9717 1935
12130 4621 971
26707 33077 3392
1814 9170 2537
2125 16408 891
16081 30925 690
7335 12575 67
9430 689 2423
293 33480 3294
10564 1798 891
189 17636 1056
5338 36357 1904
855 29022 2858
20928 24430 67
35731 29038 67
17801 9498 1803
18752 34429 759
18150 19062 67
28464 13261 2036
21142 9966 2394
21203 21501 672
20007 6750 696
1904 24007 1685
20389 28510 344
24850 28268 67
19294 34801 1640
23819 36678 1848
6940 14925 1439
8323 14612 4022
27604 15679 780
17689 35439 741
12561 12563 67
6883 36439 1862
29149 14695 3697
6545 14311 1756
20225 15499 3677
11712 13959 67
28852 22116 1545
31948 32188 1660
343 1485 1850
18241 31534 515
2574 2706 2465
1623 31875 67
22144 5808 67
22280 19245 1603
26912 5785 3040
1549 26506 462
18825 26861 2959
6254 5136 1863
26257 25871 1781
14294 24584 67
31467 9106 212
32857 36838 1410
34137 18755 524
13467 1567 1248
13692 5161 3305
19023 9403 1907
2763 7935 1352
14292 23897 67
3095 35680 1911
2072 18150 816
9166 24790 67
18565 30449 1512
1920 675 2381
37011 24987 1741
36093 32707 1117
16725 4854 1721
8120 35402 67
26297 21009 1577
10791 17398 516
25891 33925 991
30732 29818 1062
32047 29594 916
701 15634 475
23804 250 1370
31247 26738 988
15004 32343 1805
5808 10305 68
20429 7808 1654
30679 27381 1098
413 692 610
843 6890 1579
12747 8399 2587
812 18488 3478
22580 28911 2365
12816 3006 702
13895 14671 451
6015 21486 68
37206 2831 1270
34984 15963 889
1329 1379 1053
606 16129 290
31658 28556 2244
12052 17721 68
35476 30306 2455
1603 31375 1667
26669 24821 1042
303 1711 1398
33023 8697 1433
1814 34911 1519
2497 12841 68
27957 8129 68
5509 2783 1623
32924 10802 1241
11665 12566 1121
9131 17327 68
1379 35116 2735
8929 887 1374
23300 34661 1122
27598 8708 764
23667 11566 1718
35208 14311 2321
25706 17670 3588
18868 336 1801
32358 33494 68
13038 18 2563
35749 37 1189
31471 2892 68
4843 1944 1022
1054 5242 2694
36838 5016 1781
30069 28414 2074
484 34911 1238
16115 13839 68
692 18505 1056
16849 30871 3441
2116 11141 1814
12479 6438 3499
354 3620 1237
28644 34739 1414
31059 36454 770
10301 1054 2694
37 2255 1197
36494 1468 1892
10534 4550 833
6420 1102 68
22407 23371 2111
10554 36990 68
417 5747 909
36354 5239 1836
16904 3095 2235
849 13197 2301
31828 30870 68
1624 436 1939
4796 22116 1395
1329 33654 661
14717 3958 68
19245 34607 2531
937 20320 445
16731 36283 2389
4245 6171 1628
14851 14649 701
16738 3502 4195
22584 16052 68
33029 20451 839
1213 1379 77
34875 22951 2286
25871 35353 1542
32337 20481 1675
701 21487 1449
27231 2175 826
33713 13814 500
23896 12130 1408
30032 24812 2130
31318 14885 2893
29818 3343 1334
8120 30460 1825
18851 19023 2554
2390 18 3251
22680 4090 68
6735 18691 1599
32188 987 1674
11566 32 1609
14851 17595 701
22268 315 1125
25032 30924 68
34716 36150 1729
29968 9019 1664
9528 9889 2299
30871 9701 68
5532 32313 2721
2677 21042 943
1136 481 846
26933 5992 68
16158 35438 2844
11382 34648 68
31948 666 1604
1606 11702 2901
33164 18752 907
8080 14647 68
6588 20759 68
3818 30916 68
688 30090 555
6423 9886 1855
17818 350 2603
15963 667 1184
34713 20084 1768
6128 29427 863
29909 17465 68
17819 36896 2353
15294 815 68
26945 25020 3114
1567 19761 2260
35733 684 1853
450 2072 1793
19540 31311 1123
21989 25164 2482
20399 26157 1049
13839 17465 68
36456 33253 68
17455 25859 68
11922 16688 1465
1102 1793 68
10182 811 1975
12539 10405 438
16624 29717 1266
2321 2567 1484
20877 14014 2705
30925 32171 1514
14649 31772 246
9833 688 1896
12052 6205 2672
21957 15167 68
8126 21957 68
31343 13127 68
667 678 2014
14186 1530 2303
77 328 1603
29972 13026 233
303 13094 1491
34012 32165 69
29559 34649 2922
27482 28414 1622
13511 16117 2962
2497 12867 69
7048 18 2869
14061 29775 1136
21009 6924 2006
31479 2568 69
493 419 4647
1904 36232 1356
34881 5982 150
16408 21098 156
18952 21487 1450
9063 36456 1051
7955 13309 1289
7512 20407 1095
13760 2433 69
7736 13353 69
18 7048 2869
23098 21185 1782
21142 5787 2622
29678 1442 1665
34492 13364 69
10422 32470 69
17934 34751 1898
5808 32222 69
2892 1071 1460
35595 26685 1757
21559 29927 2301
699 165 1556
32924 13814 1860
32623 24804 2388
35845 22243 1209
19486 14850 69
15323 18991 3955
10230 33468 1567
32 36725 1171
1887 14925 3376
35748 34713 2634
12684 14399 69
8732 690 2009
8649 7332 2757
10299 31079 69
6438 4479 3996
35421 665 1239
687 36047 1552
14260 19602 356
26988 5223 69
20232 1623 1934
34456 15626 1397
19818 23866 1767
95 10509 1321
4553 8329 2421
5961 21771 226
25706 23838 2884
23078 28855 2564
2583 1711 1854
23320 273 3207
15049 2875 69
16735 26092 1660
24987 36153 2219
17531 17240 2299
23819 34114 1379
13464 18040 937
450 5190 2006
9338 30535 1211
4843 11159 1533
1985 2380 1437
42 34197 2395
19823 18260 1435
26288 21358 1878
29149 133 2924
1113 9966 635
31051 27752 2927
11605 9290 402
17606 762 1674
31825 33146 1122
30323 18040 1206
32194 54 1744
4283 28245 2080
13261 20705 2435
321 31308 1700
4163 20686 2822
30652 36064 243
20320 6518 1786
34848 33533 904
3039 2599 1446
35476 15634 1557
31093 22735 591
1240 14649 1087
8294 30485 2116
4163 30530 2828
30236 11209 1975
19485 215 1033
3268 31165 1661
24090 30393 69
1985 29498 1640
26647 17525 672
25417 17505 581
17655 37212 1171
19514 5992 69
35635 246 1781
23644 27951 1254
3980 7053 2707
28650 28406 1841
31766 17376 1683
27627 8498 659
25695 4893 2953
3741 19230 2650
31551 27557 874
2583 29149 2622
807 33294 2342
30069 34984 1497
1231 18846 69
1069 35315 2153
168 4963 1356
7479 18 1159
29149 37117 2049
24038 1503 1602
1427 10558 1374
30156 351 3030
9252 3705 2887
12335 104 69
27951 5020 2541
14962 155 842
5926 30088 2211
18845 10656 3174
25923 25893 69
6254 33867 1123
2595 17398 1601
2628 16893 3264
6364 23320 69
2677 15431 838
608 28464 1787
13269 16158 319
27303 25901 1448
13958 35166 2058
24309 33178 69
2887 9598 69
2590 227 2042
1231 1406 1132
29833 12841 69
14282 28338 1972
2604 26508 821
9170 29364 3031
14474 1854 839
329 479 1155
35968 329 525
33593 19411 426
6409 6408 70
11801 30191 1396
15715 35082 761
662 5723 2065
988 25859 2537
1427 14 1646
427 30153 1739
5751 17132 70
30925 21223 1050
26157 4963 1305
9325 10647 2836
674 6896 2860
5149 8657 2048
27733 17336 792
32589 30147 1371
28950 33242 1323
15923 16158 1026
28856 18180 2115
3715 26043 1032
1669 25357 3700
5239 34274 1610
1492 7955 741
29805 28414 1623
36432 13203 2047
813 7078 3495
1084 34695 1942
12627 10628 2841
5278 351 3031
29805 2980 1893
1329 36301 1379
1984 21009 887
29678 13 1913
21337 5545 1832
10724 15092 1783
34965 14789 1129
12046 1206 1142
17486 33044 3203
26945 25251 2200
20047 17761 70
4285 482 1450
31051 36355 1602
30191 34137 521
10191 6474 4672
33160 36155 1584
15777 25452 70
5522 27689 70
2706 22580 2035
30315 11296 1731
10509 18565 234
18 8558 1534
5250 4925 70
2628 22776 3028
18185 35619 3018
25212 9842 2241
13417 957 893
6259 22049 70
26398 1272 2635
6381 7302 70
25578 8622 70
23667 509 2427
29799 17924 1702
10618 30822 1598
21009 23767 1452
26882 22398 1614
13026 21291 235
29149 36346 2968
1556 37011 1384
36454 8993 973
400 26828 1264
25076 2804 4075
26861 32527 2962
24971 27951 1088
21596 10397 1567
16336 35871 1174
29836 34881 518
27736 31375 2868
1815 1567 1294
5845 13610 2182
16510 29887 1346
11505 35139 1778
29799 18516 70
16081 21220 225
35353 3705 2600
5149 25269 2174
12822 14214 1332
28840 31765 2521
21106 33606 70
27605 7330 2777
33587 6883 627
32496 31574 2518
1468 905 1230
609 18865 1419
28877 22910 70
23320 29367 70
1050 36118 2584
30530 7332 2035
25452 15147 1574
32496 36137 2158
7479 26770 2670
2333 662 406
2861 17241 1282
26215 26405 1824
807 29818 597
15156 27222 70
36344 16059 559
5845 34554 1806
1629 34886 1775
2571 25088 3169
9958 36958 439
667 32009 880
36723 509 2457
13322 23244 70
6361 32 2427
17459 4110 1539
18333 18977 1329
16052 2600 1092
30530 11481 1716
812 12548 1205
1920 6027 1083
8904 29833 1296
18932 419 2871
15254 32530 2351
6883 23470 1638
2100 3604 1734
23422 14294 2055
2072 13814 1578
27622 23291 70
22020 926 1693
7019 15272 2011
4283 13353 2081
18616 33858 1909
36990 31318 70
23393 7042 1206
29917 13824 1824
10510 30191 319
388 19443 1411
29498 3 701
34258 33424 2662
32904 31165 1749
19978 13269 70
9325 31453 70
34858 16510 1747
9889 25357 1801
23491 18174 1804
11181 36368 1933
28881 10301 70
33023 14659 1359
2076 901 118
24259 17627 1894
29927 22858 827
19761 1281 794
9929 24285 70
15762 34274 2369
34894 30017 1466
32354 15499 2612
26086 21075 2926
3534 2116 1211
29355 21368 233
25164 1485 1485
34124 8697 776
26770 22989 741
29725 37259 2018
3151 27693 638
26988 4628 70
23277 24947 1914
26168 32 584
10084 35213 1098
35806 30687 2510
27759 8906 71
33610 3010 781
27871 31825 1165
37051 33835 1327
29805 8721 759
15963 19707 887
3705 36218 1915
911 36787 2512
10266 23910 1726
10230 33713 1873
5192 29725 1971
694 479 920
3350 16793 2527
31810 16699 2256
30363 24427 2405
16480 10046 1741
19294 22999 1644
31810 7512 1012
343 34967 1027
8690 9329 331
4401 9170 1696
1084 1820 901
14686 20464 1376
1034 16012 1460
7955 30738 1231
13781 1102 2313
36158 8635 86
32088 22280 1349
7188 7505 1929
6971 1503 1937
10807 2030 71
28814 8558 2633
287 7958 2745
9430 21983 1840
25910 34035 71
35116 427 1572
3293 37092 672
36060 41 1684
17819 13309 1405
3534 27100 1614
36179 13038 1109
23570 27622 71
9896 1592 902
1128 31318 71
20654 16722 3013
7125 19480 2868
31949 11803 2046
3847 22407 71
10534 27666 1461
32250 30311 3269
17911 10269 1675
34967 36000 1573
35181 15879 71
24242 2583 2530
30083 17398 520
31658 29686 1806
34921 7233 1705
9833 30491 778
25591 1206 1028
32209 20498 256
18132 21644 1567
3894 5982 1340
27439 26988 71
35570 10510 2098
6361 1364 1626
16265 17380 871
17244 8967 1433
26770 14513 1444
11386 32250 1853
27793 1208 1814
8774 20027 3430
1071 25032 1462
33514 36456 396
8140 8690 71
27752 17655 2912
37 5549 2292
27222 5832 71
12883 11318 2195
7546 16480 2781
1242 35531 334
8774 26341 1016
51 25615 990
5986 1315 1363
30807 972 715
12548 6259 71
6784 24595 1643
25177 36685 1887
5343 17336 1539
11386 905 707
8762 15156 71
10455 2449 2582
24595 6784 1643
30191 441 1032
3293 364 1061
3576 7330 1118
9088 28273 2821
34713 33180 1522
25910 34035 71
11067 10876 430
3892 10647 3955
24445 30562 1400
12657 3988 1089
17682 13127 1880
2390 33 2137
20429 2255 1210
684 5236 537
36611 36623 1855
28273 20025 896
441 10827 414
29315 824 1793
34972 27482 1412
30462 1180 3216
34274 32857 1611
14294 8904 1297
8498 21203 1093
13989 3025 1433
14292 9611 71
14679 32991 1285
7505 10724 1448
10221 26582 2621
32355 11611 1785
31051 25990 2309
31902 15254 1258
588 35208 955
24951 15241 71
32728 31244 1962
10549 5182 1078
31574 27595 1508
18490 27856 71
10509 8498 1947
35619 34895 809
17911 12450 557
9088 13692 511
29818 14018 1973
6940 21106 1443
25684 19294 2309
27342 5253 71
5545 25901 2184
400 27299 1321
8635 19559 2210
25639 34916 1831
11370 18649 3086
22944 13280 1773
10809 19566 3255
317 8708 1279
25539 4621 2464
32089 29315 1746
32778 25251 1046
34607 685 4619
16336 25639 1154
6259 11703 72
16731 436 2273
517 31308 1712
21674 20084 72
10807 18695 3200
33185 9902 654
6109 23654 510
30088 22976 1682
13559 20739 3173
992 11824 2067
7042 31311 2309
14649 20213 1934
2809 4755 2721
6792 29926 947
24838 16159 72
6455 10891 488
15715 23021 176
36439 16578 2907
12206 2502 2639
29927 27918 2718
12143 684 1309
35939 35623 1252
28855 8657 3745
23767 34607 2470
29927 807 2213
6455 25043 3453
17482 15921 2651
33463 23896 72
29717 3176 1568
22935 34140 2693
33075 8129 72
31852 35807 297
31079 26660 72
450 19933 813
11181 18185 2893
32139 32585 72
26212 1904 1359
31108 34035 72
485 1506 573
33480 30323 1748
35434 14705 1385
4843 5544 1717
9886 14695 690
12736 6301 72
26448 21337 1185
15241 33322 2021
35795 11276 3297
29725 1965 1563
10777 16823 1679
36787 13417 2412
2574 13417 2226
11606 1539 1301
16735 34336 1901
18755 11690 1777
22535 34807 72
34554 28595 528
34858 8929 1701
30535 31244 1259
23910 13958 1311
15963 36831 1044
9091 1592 1889
35494 36905 443
6128 9166 457
8272 20182 868
3398 23454 552
32748 23317 899
18476 11141 3541
6411 27404 72
482 14920 2138
16081 1025 813
675 27889 1718
8929 36346 1930
27759 15847 72
620 37051 2697
25164 25078 607
35571 31215 2634
27780 966 654
436 2363 1580
30914 16624 2182
5323 26991 72
905 431 785
24194 6784 1346
29619 13127 72
811 32555 1235
7078 10727 72
8536 36155 1973
36024 4032 1226
20936 21382 2584
547 21811 1838
31307 4679 3448
16731 19251 872
34023 50 1115
34492 15654 72
23425 4477 2157
368 13036 2365
4553 26435 2424
20686 21487 1453
28693 7955 1444
28855 22774 3143
2600 9714 1094
7188 16408 2327
15626 4895 72
22063 8558 454
37244 30679 300
18693 17557 1969
35844 24276 2272
418 34648 1884
32527 25859 72
1916 8126 481
19163 23126 72
227 30462 1417
31433 34493 1491
33160 2631 1287
27957 12867 72
35997 16487 72
1281 20027 3347
11711 840 72
11318 27733 1938
13517 10742 72
10876 34387 1907
2993 28950 1234
37216 9658 257
3914 36354 1111
8418 22939 2409
28464 37227 1514
9598 11853 671
1291 8603 1688
33737 32167 1534
6922 1054 2698
2878 16735 2646
603 20372 1053
27986 33763 1335
12535 36803 1272
485 11646 2293
34274 17 1699
33022 17035 1701
18874 13781 2314
22020 26988 2959
10510 33587 321
8906 18391 72
28813 31852 1935
20429 36158 87
35407 34166 312
33384 1999 1195
28852 20084 1745
5019 28510 72
27752 35208 2271
14569 33288 72
33996 27856 72
16903 9080 1963
29878 16903 72
1113 30083 1365
25251 33446 1460
36586 17342 72
1813 7913 1335
19583 11810 2599
13036 4333 912
8271 10807 72
16117 27745 1613
8498 9365 1088
10978 7505 1149
9345 33717 3847
27871 37212 1967
35997 8601 2047
35997 16487 72
25090 1363 1033
31760 588 1873
36682 2604 1802
17525 17132 675
843 17241 1643
31759 19812 155
33373 21470 1495
36623 329 993
29226 28056 1678
30866 26186 72
22745 21261 2541
27349 122 1793
368 35791 1268
17810 15602 1757
16036 17730 1553
29618 5471 73
29818 33160 687
28260 8323 73
30731 12296 1616
31948 24349 1792
5545 36787 1624
19609 11922 1510
807 34755 1294
34657 2482 1208
1885 11879 768
33506 207 622
8498 1176 1093
33523 8929 1276
170 7965 1179
36719 1442 2090
1291 34652 2342
24429 32975 2765
3268 12883 1714
5495 23300 845
36326 11606 397
20087 16725 1265
19531 28829 1494
32503 450 735
35790 12986 2382
178 20596 2405
20852 12548 73
13467 36097 1037
13496 10176 1005
8690 1223 73
29917 18260 1827
16336 36079 1162
17655 13038 1842
907 8967 1844
19964 16012 2522
4090 1223 73
5960 34509 1612
2583 1820 2270
6924 37227 1361
2645 685 2270
24188 17911 1398
30996 32916 2202
23674 1580 1257
541 27951 1073
883 7048 665
28273 32375 1954
2046 4564 839
42 25636 1079
32147 18862 1910
6254 17459 1703
17054 32194 2317
4679 25695 3749
23691 26945 1364
36365 2221 1819
28017 33253 994
23560 2914 1574
28406 10881 623
29364 31132 1977
17164 843 2440
25090 22690 2385
20692 1769 1406
31247 21983 1447
6582 17360 1478
30679 23684 2102
28993 32171 1935
10465 11222 73
23300 36838 1377
32435 21419 2696
5727 15180 1569
18762 227 1345
23063 37230 760
10827 27627 1309
27886 33839 1256
32521 13261 1501
988 5279 2688
24975 20718 723
122 20464 1862
12071 31572 1651
23999 22200 971
29240 22967 1263
7630 5806 454
5658 8080 2693
28856 6872 2118
27468 33867 1218
26669 34495 2950
2875 16903 73
18208 29888 3443
24680 647 73
10301 962 3591
26513 608 1438
31948 8649 1661
27085 14717 73
26659 15410 1991
19068 5853 1849
26168 36079 1414
13190 14102 1407
10537 8400 2279
36092 890 2143
19486 13781 2315
34188 31051 1666
3343 16747 1811
10269 15818 1176
3095 293 2164
13559 10405 1638
30202 3545 224
16681 4790 2449
6750 5136 2709
1965 30996 1729
33514 16688 1675
20911 30920 346
32 354 1456
11678 9824 73
13664 5279 1109
3994 5638 746
24595 8906 679
13610 12795 857
33326 33613 3157
147 36509 1498
25899 118 563
30491 17614 3533
5785 14686 3157
32222 34035 73
13642 7079 1685
32684 29091 73
27808 32991 1737
20658 11566 1646
4679 1335 2581
1713 13038 1665
36109 15191 1892
8560 18681 2251
19 33107 756
2046 17241 1600
25382 1212 1366
20601 23161 745
588 37152 1379
2934 30119 2107
8761 26435 73
33956 33424 1447
30925 6526 1476
1904 32275 2840
7053 278 2752
33392 36325 1592
315 3994 586
30284 31092 1265
13338 8788 1632
35979 3792 73
24470 24194 73
18359 21563 2171
26693 35900 2910
16452 14312 833
33002 23307 1684
25899 16189 2567
5711 20429 73
37227 30584 1224
27182 4333 1250
31183 51 1015
26835 31244 2222
11690 921 1304
23684 31433 2102
5874 18602 2343
10656 155 1859
10051 6420 1591
8419 16725 1958
30925 31634 1145
24947 33654 1591
541 4409 1864
17459 7059 1739
20911 26810 543
5982 27733 74
6086 11702 74
23038 8690 696
16823 27303 2539
25378 1769 1320
20202 499 1583
15323 34649 2175
3176 27871 2581
9365 32567 3236
16839 28666 1283
10510 36484 527
2251 19 1877
431 21983 577
16052 1631 74
3151 31473 1362
31308 30032 2074
26628 17340 1286
908 9019 1287
18795 51 2030
12984 34648 1558
344 26210 1934
36109 36525 837
13280 10084 1033
26446 20389 2072
30385 2482 1254
32683 824 74
21181 29240 1264
3976 7559 74
29498 35939 1432
9922 1364 1360
762 30191 1897
586 16888 2280
17 2116 1038
36230 25706 2925
35734 4358 1071
19745 20489 1901
20686 3433 1158
6361 10642 2262
32354 21559 2343
7955 15499 2616
20019 19707 2726
34783 37198 2206
33377 3620 776
1961 32567 3113
8329 3976 74
24630 8103 2697
26405 34648 970
37206 27930 3229
25005 13872 2933
12368 5471 1660
15463 26659 2697
8544 33294 2228
29240 25476 1264
3247 6376 1984
387 12822 1247
32991 2914 3066
8274 32536 1506
6924 33514 1357
6361 9430 2513
36064 122 2432
3293 28911 2053
27085 21661 74
28666 30245 2100
31574 16270 1541
514 16362 1971
10705 2811 1349
1999 27482 1616
18825 16988 250
14260 7405 74
11141 22129 1918
31356 730 3313
9859 24987 1687
419 8359 1262
9701 24630 74
3151 174 1380
25584 34921 2115
17623 2567 1697
5727 26810 1958
1208 32818 1056
30657 15631 1772
10564 13323 3621
36137 30679 482
578 17494 1400
6420 12835 3467
1631 2435 74
18952 460 1672
17549 609 2299
35213 27598 2379
13261 426 1927
1034 6899 2352
12867 1212 1367
11801 13261 2689
24276 35434 1933
664 36355 1746
26769 28555 1732
642 7935 1104
34444 12071 1481
21419 6457 2719
6027 3768 232
5599 24279 1421
2482 36060 1137
14695 36484 2407
24279 20645 325
17129 8906 74
33613 11818 1436
907 16129 541
9106 1229 2603
247 710 1182
24714 22280 1023
25578 20921 1374
1229 31551 2304
20407 28814 2678
356 27408 1684
19565 27871 2287
26770 28666 1594
36232 36092 1140
364 26061 920
6171 7726 1734
33468 8967 1547
811 287 1661
482 17624 1466
34881 22583 702
2210 30732 1650
36357 671 573
17318 34967 1027
315 35871 891
32878 11853 673
25706 36230 2925
113 1084 529
20202 20019 470
11690 4163 2646
710 36723 2591
23063 2630 1284
36838 35870 1193
26669 3848 1860
20782 28000 2458
762 849 634
18845 16117 883
1644 10829 1411
7916 22116 1465
13675 31308 1006
855 18 826
336 37287 1166
2185 1769 1798
18394 2363 1948
9658 431 669
29422 24470 2338
12351 36725 2426
30584 6924 2081
30562 5253 781
31789 3978 74
32435 33044 2737
28449 32748 1815
36230 26297 2314
867 19251 1405
3176 5113 1027
15180 13 1780
12122 11337 74
31718 26912 1936
17689 10809 1687
9329 8080 334
11973 35540 2368
9743 10323 409
17595 4591 1694
34334 32313 1176
20848 1288 74
3688 33613 3434
16059 34476 759
24118 35505 2558
13914 11703 74
