57639 59506 4965
38143 57105 6372
59592 56681 5553
47257 3108 6425
53804 53179 5817
38758 53180 6515
59655 42824 4921
57105 5421 6994
57644 56871 6271
47255 27475 7139
46300 56549 9547
39050 58537 6957
60858 59486 6246
52763 53321 6673
61232 59918 5481
60845 57348 6881
60120 58581 6516
58969 60137 5783
57699 55331 5792
60230 58574 5874
60166 46305 7030
47257 2699 7002
50361 59801 4761
58843 31339 6347
33801 38658 7142
42654 36786 7472
58668 58777 4746
56431 46983 6079
60211 34685 4446
60369 43460 5684
38657 13959 8143
13131 38663 7127
61255 59181 7328
58608 47335 9155
56022 32550 6383
61262 35183 6899
57057 56135 6106
27274 61262 6079
58799 60530 6642
47255 24358 6606
60845 49889 6995
53672 61116 7928
59801 59137 5641
51660 55456 6040
53838 53342 5624
1142 60370 7311
43313 55273 7795
60232 60476 6442
58537 50091 6512
24021 61019 5866
38663 20293 7458
46999 57700 4480
58843 17718 6611
28688 47644 5844
48301 60370 7137
59435 57642 6038
38663 13176 7484
60919 52760 7158
55293 56757 6959
38665 58940 6411
60931 8383 6202
60279 60137 5962
37642 58612 5924
22086 58537 6437
22603 53180 6482
33968 53180 4664
40977 58843 5929
58209 52919 5927
58836 60215 5543
47255 50290 7845
59195 58721 7172
59931 59454 6759
60059 54394 7347
51723 61269 4944
53073 49884 6020
8195 53180 4859
61142 59466 6951
58090 53179 5463
6343 38663 7529
59340 56026 6517
53180 31694 6552
57106 44403 6194
18901 53179 6003
60059 54429 6650
55907 52226 7445
58592 61292 5439
57700 60088 5124
56423 55745 5870
50486 58537 5877
2515 58843 6631
58281 56421 5756
58535 55217 6439
1026 58537 6238
46279 57819 7664
54488 59506 6097
31294 53698 5490
9992 61023 4697
58325 56032 7320
60256 42213 7124
61166 57746 5781
58122 55441 7041
54346 53649 6363
38665 53138 7917
51564 52160 6219
53831 56033 7884
58208 50899 5504
55464 59008 5225
41334 60704 7442
56025 59427 7575
53062 61169 4673
51752 60515 6435
10947 38664 5458
52959 53425 6195
9939 60931 5323
11803 38663 6740
32504 59783 5697
60347 60212 5711
16597 58843 7238
48713 59007 5340
57699 52542 5043
54151 40881 4645
36533 60640 6619
55273 21845 7318
46559 47644 7092
36535 57746 6233
61204 39932 7184
38101 38659 5721
40879 60619 7370
55461 51668 5370
59766 29610 6162
61019 57476 6925
49557 56201 5064
56622 57646 7708
57641 55918 5496
38866 55273 7520
56380 13169 7684
60369 55902 6460
55043 49546 6594
55907 60740 6216
55457 56334 6873
57105 13471 6706
49643 52221 5639
23445 56380 5281
38404 59783 6935
45882 59565 7512
58578 38659 6289
53181 51226 6029
28559 57640 6434
61262 2340 4679
55458 54782 7460
51109 56021 7033
36789 55155 4943
22538 56419 6987
33800 48155 5673
25709 61020 7415
58843 13872 7728
4718 61204 6705
47964 60137 6216
61023 41408 5763
60587 60778 7959
6647 58537 5813
47875 57060 6878
16096 47257 5998
45748 38665 7642
55624 60137 4826
60370 46331 6695
35257 47255 7019
48054 32494 6178
37514 57587 5807
51787 61091 6414
42260 49948 7781
17250 61262 7613
33111 60931 8140
44853 57105 7836
53135 59766 6393
58783 53179 5864
21854 60642 6104
60350 58725 6243
48055 55043 7046
60931 51500 7283
57447 56026 7237
60370 49219 7857
54494 55658 6195
52772 54781 7281
57641 44326 6532
58615 60088 6134
54301 59785 6981
59979 40879 6075
57243 60672 6300
60578 60211 6111
59082 53420 5749
59007 59464 5375
25227 60931 8039
60325 60719 6035
48255 45881 7257
55465 56021 7417
58537 34977 5966
57250 57546 6005
57059 56222 6175
58667 60669 6651
60642 44770 6923
54893 59824 5878
58064 58536 6933
28399 38665 5303
52761 60532 4973
37228 58843 6695
59974 61258 6564
55859 41569 7842
42214 46670 7115
52575 55193 5777
54355 36974 6062
38664 27275 6094
61204 2850 7196
49880 50604 7132
60407 61209 5798
61067 61115 6330
34511 61015 6867
13284 53180 6002
60370 32217 8859
44571 56035 5561
45594 60654 7622
11543 38664 6447
53330 56038 7123
46479 49549 5313
47646 48131 6320
53152 52159 7899
38663 5501 7571
46946 61262 8028
49643 50541 5030
9097 38664 7022
52401 38661 7120
54355 59438 6677
36796 53180 6467
61015 57739 6144
60150 41661 7932
28580 60778 6468
48053 59499 7853
12559 38663 7851
61014 40136 5060
61204 25802 6240
50498 56604 6535
20209 57819 5313
60214 54888 5990
56229 55448 6547
58668 60418 6441
40176 33800 5391
6649 57819 7118
35161 58612 7587
58843 33650 8109
56035 60275 4449
38657 54244 8888
56035 60275 4449
18241 38664 7054
58947 43034 6833
56988 52158 6751
60814 53797 5077
56380 5531 6558
55246 47338 7462
48463 60370 6827
59046 38665 6422
38663 19490 5836
54424 56422 7125
36072 52158 6806
57587 60425 7104
53178 38393 5054
51322 51787 6414
50617 56512 6144
49602 59766 6720
61023 35911 6157
58289 47255 6768
55226 54779 5864
13792 38663 6044
38664 3892 6866
60370 29701 6127
55458 53046 5259
56431 50361 6824
60531 59766 4241
58730 59418 7114
59182 42824 6091
61061 38274 7172
59418 53098 5728
50895 60251 7792
52573 60759 5714
26577 52159 5563
20960 53179 6622
59139 57159 5501
48175 56026 6817
38658 51333 6950
57105 53206 6751
38657 43834 6595
59042 52790 6276
41693 57105 6646
40375 61262 6992
60669 58798 4553
58425 61216 5770
61204 4669 6734
36559 61262 5717
58947 2655 5699
52160 31372 6596
45705 58612 6635
38665 26301 5965
25687 49645 6379
58777 55028 7502
53177 5875 5365
58626 52159 6585
49972 61262 6586
53863 58207 5767
51668 55936 8233
58209 40186 7006
57106 56181 7215
49628 53178 6553
8205 38659 6424
51668 55936 8233
56423 47689 8704
57761 58206 6855
47057 47644 8230
50612 59819 6128
55774 60719 6607
4084 60370 5522
46287 61242 5966
56380 52836 6512
58963 50350 5980
60514 60952 5091
52809 53542 6129
40882 54930 8081
18813 53179 5702
53851 54494 5833
53878 59246 5702
59139 32005 6801
38663 15128 6999
47775 58843 8099
59244 51330 5877
61023 15636 5309
31294 55323 5860
20222 38665 7518
46593 47881 8725
52159 34205 6902
36790 58108 6089
58466 61265 6249
58535 55138 5634
54762 58206 5889
26891 38663 6263
49796 61166 7372
42478 61061 7163
57572 59932 5796
59778 52159 6822
58612 37611 8210
29514 38665 7025
22587 53180 6544
60019 61166 6982
53180 44821 7219
25067 57105 6347
19782 47255 7470
48293 59594 7268
37510 36529 6693
44401 58535 5694
60815 56761 5732
55105 61262 6216
39928 58843 7252
60845 32432 6591
31275 58611 6646
51917 56513 6237
56419 35116 7618
59546 47866 7133
55130 60931 7257
60370 4597 7103
8149 56419 5902
52573 59191 6311
47644 32867 6336
61024 60636 6519
38665 36545 7016
41901 47257 7761
42639 38664 7864
56419 57067 6678
58511 45627 5344
59499 44995 7185
3593 61023 6077
36438 54776 8076
56029 45897 5955
57819 19697 5345
15164 38664 6303
38657 46514 8906
15045 38664 7321
32384 38657 7199
48688 53179 6166
50602 56223 6451
52502 60531 5552
47648 36943 6828
29046 58947 5160
8638 61204 7159
60337 33800 5284
58611 48278 9200
59085 38662 6538
38663 15051 6021
49642 61265 5536
56551 57058 6031
47255 37279 7360
60037 57822 5481
19585 57819 5349
46233 61232 5634
27276 38664 6336
47537 47648 6328
57973 59235 5570
28096 61023 5694
58843 57066 6825
38664 51881 7556
47257 31568 6286
55296 58843 8314
29975 56380 6850
38657 54959 7446
45846 43966 6752
54425 60514 5363
57060 60088 6209
17800 58537 6852
55927 58608 6612
19831 55273 7870
58611 59475 9128
3925 47648 5689
59918 46999 5091
36531 40837 6393
61023 4489 6085
18962 60931 7425
61237 46979 6184
53742 61237 5797
58537 39285 6002
33694 60370 6127
21914 58611 8019
58207 60172 6035
50896 41137 7021
47646 1237 6353
59785 58118 7051
54409 58843 8554
56419 13733 6349
53300 38663 6253
42372 55273 6740
47865 61216 8058
38128 57819 6619
56515 60534 5869
56800 57822 6366
55064 49641 6920
11862 56419 6299
38665 31610 6348
20384 56419 6188
39552 47646 5145
55730 42214 7282
52763 55665 7032
38657 52686 7091
59029 40879 7633
52406 61169 8127
47879 58947 6584
60294 40879 6369
53177 53689 5668
17430 38663 5787
61209 48689 6695
57353 20998 7913
50329 60181 6594
48377 38665 6755
53864 59139 6091
57105 59868 8427
58537 27237 6100
54891 57640 5766
60800 54346 6371
61113 48872 7226
55629 53178 5564
39451 61262 7203
16662 38664 6570
47646 48655 7250
55273 49198 6671
58947 47366 6157
59754 58730 7460
38663 44812 6624
53179 36340 5096
60369 38966 7027
44915 56029 6695
52763 46019 5923
61262 42778 7471
60370 39933 7048
60103 58949 6226
33800 53949 6291
38663 22202 4990
61023 34068 6746
36528 59229 5211
60211 54071 6868
23083 61023 6481
33632 57587 7435
61023 14443 5467
38663 40672 8088
60851 60212 6359
53063 59004 5797
56423 60273 7435
36578 47644 8236
45887 54427 7081
58720 55626 7493
59960 56380 5737
58611 49261 6323
54355 43435 4916
38664 19248 6259
50432 59503 6411
60059 57717 7667
57105 28528 7106
52809 55730 5567
56023 44915 6702
42214 47883 9763
38664 11229 6853
61023 60570 6366
53690 61015 5684
60931 58303 7020
61023 11586 5892
52473 59595 6721
31696 56380 6225
60137 61282 6358
25820 61023 4831
57819 49476 6758
58843 30920 6484
47648 54956 5237
61023 33069 7061
58842 13350 7164
34830 47648 7964
61113 54493 7104
38664 26151 7357
58759 60153 6822
21985 60370 6151
41338 54151 6533
51773 58611 6014
51099 60417 7000
61020 50407 7305
46287 57183 6951
53177 54800 6363
43460 56419 5710
54152 60232 4985
3623 52160 5042
52763 3314 5579
52925 59468 5771
58949 59898 5641
59726 38665 6109
41333 61005 8333
23090 47255 5939
61280 61024 6246
39752 55273 7788
58947 53637 7367
7066 57105 6599
25011 38664 6899
46592 54593 7464
38399 55936 6827
60166 46309 7151
38668 56043 6040
51104 56622 8325
61019 15076 7626
56027 55937 6986
59139 60328 8048
60976 61020 7507
58843 35049 6614
51753 54356 6542
59592 38426 5944
60211 21159 6273
61023 26372 6479
22764 38663 5976
55929 33800 6236
61206 59468 6527
58655 58963 6933
22809 61204 6309
23408 38663 7487
35522 38664 7648
58843 34299 6567
58535 38015 7558
51542 58608 6375
10718 38663 6543
60672 58811 6899
25437 61204 7617
53437 58947 6573
54178 54474 7971
40931 60845 8031
11685 38664 7072
57699 56943 5778
31188 58843 6526
56423 55318 5753
55224 51581 5891
60553 60200 8572
31045 38663 7156
38663 33788 7464
34851 61262 5748
21811 60931 7094
52573 55243 6603
37279 47257 7412
60931 58112 6807
40879 43940 7079
60532 42655 5603
46586 46978 5903
60370 9693 5204
38636 61023 4667
47644 36894 6420
52159 48584 6539
47646 56127 6948
52905 60931 6542
61229 61113 7071
46591 59536 7098
38664 13477 4750
60011 57821 5732
51115 38661 7421
58611 45175 8011
55522 42214 7055
55429 47257 7605
56551 60952 6682
48082 61019 7944
60214 54141 6152
36893 57644 6448
47175 38665 6704
55292 52790 6112
6194 60370 6652
60430 60845 7916
55273 26615 7910
51256 55273 8418
51787 61006 6078
44151 49549 6987
30657 61023 5386
58338 36786 6244
58843 50077 6815
52159 52295 5755
38399 49884 7983
21779 38657 8463
60294 34866 6421
23884 60931 5656
57646 48712 6812
58842 18616 6883
48054 54654 6832
49547 60577 6359
59584 61015 6627
58842 7217 6363
58843 33604 7477
58748 57641 7146
34519 36786 7701
41332 59090 8138
55273 36309 6183
58610 42454 7118
28971 52159 6480
58610 42454 7118
57106 55864 7794
55043 51104 7267
19380 38664 6196
49625 56932 6204
52763 60352 6774
60067 60212 4958
46234 59247 5729
61237 55062 6736
36788 60253 6971
57046 48054 5380
61005 44215 7493
61014 51909 6317
58122 53872 7188
52287 60642 5816
47257 55343 5158
59048 38659 7423
57767 61216 6955
57105 36411 7573
58399 58535 6331
54770 51771 7631
57822 56620 6120
51073 42214 7158
38807 52160 5913
53180 43903 5755
3916 38663 5761
56550 61262 4981
60532 58852 6088
57105 56105 6832
41331 58582 8529
29174 58537 6488
47870 56421 6918
22514 38663 5244
58581 60047 5570
60940 47255 6183
42591 60532 4857
55273 45112 6657
60931 27485 5856
56076 52160 6677
31529 58611 6213
37189 56419 7086
20345 38663 7400
58501 59246 6637
51448 61204 6991
61023 9488 5713
60517 48054 5012
60642 53800 6751
59155 61014 6747
31637 61262 6276
52160 25698 6778
55936 60464 6105
59244 42570 4355
57634 45625 5958
14916 61023 5555
58585 58843 7879
52570 40877 5488
61262 21727 7949
47552 38659 7092
49643 38236 6051
54177 53540 5935
51732 60858 5707
32482 57106 6301
60059 56413 6500
51100 61166 6228
55906 47889 8600
60370 35016 7877
59103 54355 6812
28588 60931 5858
58714 60704 6788
58535 54369 7428
54783 55465 7604
47644 61044 7480
37316 38664 6865
54648 60642 6495
21866 61061 7245
53849 36789 5973
6979 38664 7877
49413 47882 7004
47753 61019 7209
45594 51585 6711
54488 57847 7672
60616 49413 6000
57182 52160 8100
60363 57819 6710
47886 56026 7023
58842 19768 7549
59302 52160 6470
54265 53180 5360
46592 47004 5947
55451 52400 6588
55926 56419 7340
60371 57801 6892
58209 41726 6576
60397 58612 7020
51919 40882 7186
47255 45550 7980
11595 58842 7150
55273 60947 7278
37598 58537 6946
38663 9501 6102
60931 51454 8597
50999 61014 8219
20979 58843 7916
53891 53181 6595
38664 36147 6810
61262 15801 6141
58610 55947 7722
57973 60003 5776
28993 60931 6689
33800 38014 7117
24069 38664 6396
37038 38664 7241
61257 57549 7107
53181 59969 6826
36792 46608 7113
48054 53495 6234
59468 60159 7158
60217 51582 5644
38195 58611 7850
39713 38665 5659
59719 59784 6714
59402 53797 6017
59527 58011 4910
46949 61023 6258
52401 60153 5260
38665 45264 5841
37329 61023 6197
60212 32392 5385
56229 49557 6906
56541 52160 7259
34358 61023 7704
51112 46589 7368
52160 55627 7272
27938 61023 5801
19773 53180 5796
40779 47255 7639
56850 36438 7121
59752 41330 7860
29478 58843 6253
38548 47255 6903
58210 61052 6737
635 38664 6750
42181 60719 6303
56524 60931 7154
38280 57105 7166
38664 34481 7354
38664 6055 7168
59468 54347 6103
54355 42374 6927
38663 26623 6073
58611 38502 7373
60370 59059 7987
38659 32703 5602
48266 60369 6508
56419 20921 7334
54494 54041 7373
53423 54162 6522
7091 61023 5949
48867 55246 7300
53180 31252 6570
49139 59766 5615
59923 57589 6773
44580 38665 7598
57397 36791 7483
48641 61014 6232
54802 57106 7083
61262 28484 6046
36921 38663 6641
58842 14397 5515
12737 61023 5704
57696 59923 5838
61023 38307 5393
55273 17623 6978
42816 57640 6138
53831 56026 8068
12418 58842 7680
56031 50611 7905
57106 39558 6708
270 61023 5809
46239 60564 6015
38659 55557 6857
37538 61023 5787
52561 54493 7233
51119 48055 5466
48923 58209 6618
58610 59126 6869
51322 52884 7102
58842 16238 6367
57353 60818 6186
61023 4052 5893
52757 55020 6491
60216 50455 6263
36786 48288 6614
50613 60896 5986
57698 58615 5812
60216 59828 5416
38663 41335 7882
49645 47702 7687
61014 32201 6888
59329 53177 6210
42686 61019 6346
58209 60180 6174
44777 47257 8175
57645 57694 6495
58843 38640 6418
7030 61262 7886
61019 40029 7596
47255 55055 8609
34866 37508 6134
55456 58719 7592
61023 19793 5820
60531 59294 6234
60533 60146 5765
61189 53180 6139
61115 57893 7153
61204 21100 7094
25752 57819 7320
60531 32392 6382
61117 56026 7045
46452 58537 6349
56431 34365 6401
58947 36022 7591
34866 60513 8130
37800 61262 6648
55273 5260 7207
60222 56379 7667
54770 37678 7802
58842 4842 7185
53180 42841 6736
61262 55802 7288
59784 60513 6308
60972 45882 8720
8431 56380 6139
60316 56028 5261
1147 58842 6940
55273 2883 7066
4083 56380 5682
61292 58313 6178
61023 3290 6222
56419 60949 5661
49549 58029 7597
47257 16370 6665
19813 57105 6392
47257 56945 7555
60845 60942 6875
52560 58947 5655
38663 2283 4647
58209 49958 7155
48708 58610 7182
61262 58173 6796
59560 47648 8561
11524 56043 6974
58948 57647 6771
58296 58537 6491
60531 56409 6171
60166 57060 5139
28274 38664 6610
55028 49796 7661
52884 52247 6745
61023 60559 6228
60530 54162 7002
61015 56050 7143
52775 58209 7423
56660 61280 5607
28211 58843 7132
56380 19057 5485
54455 52160 6168
60496 46987 6101
53180 771 6116
47255 21767 7902
55228 52667 5469
48593 47255 5191
60672 47341 6672
26375 47648 6132
49094 59005 5881
61019 21074 8078
59139 60751 6433
52007 56380 7587
58843 50716 6880
59421 57645 7188
32566 42213 5867
53177 49272 6983
42601 46994 5870
6012 47648 6891
42213 54630 7076
61014 43391 5464
60200 60270 7096
54275 53180 5781
58842 43957 6843
46607 55937 5623
25710 61020 7628
15807 58843 6270
59090 59332 6729
61019 22624 6838
57105 21901 6341
7128 38664 7827
12007 61023 5269
37632 58843 7023
61103 54152 5879
19813 55273 8029
47323 38662 7045
53177 35928 6599
61020 59876 7409
6003 57105 7241
59484 57641 6068
30301 58842 6855
59803 59765 6895
56513 42729 7329
61023 24177 6240
38664 22435 6567
61292 47331 6478
27751 57105 6237
46824 61262 8318
37421 60212 6237
57641 54052 6645
38664 24761 6549
60931 28688 6085
55686 60931 5712
22639 38664 5539
56419 55824 8126
45596 46240 6311
54724 61014 5541
33743 61014 6076
50523 58209 5592
55906 58712 5726
47117 61015 6239
61023 3205 6157
55662 60534 6084
58940 61262 6512
56912 59785 6050
58842 13972 5569
47257 57134 8213
59801 55320 5995
46170 53180 5919
56022 60473 6079
5567 38664 6907
58938 57641 6327
59481 58843 8354
57030 57957 6904
7816 60215 5637
38663 48802 6572
53180 50855 6513
58842 18548 6009
53179 37419 5609
53093 38663 7341
54494 55235 7435
58724 53912 6470
49639 61014 5810
59818 46994 6303
59538 55228 6093
53179 44920 6500
31507 47648 5405
30703 58842 7960
44925 57819 7175
49823 60931 5916
38664 1304 8249
58843 16713 6247
60909 61019 7738
61020 57097 7055
25791 47257 5899
52886 56223 5044
61023 9463 5035
16509 61262 6664
58949 57392 5217
47648 58908 8102
54562 47644 6863
61014 45571 5787
53179 44140 5390
54151 58541 4729
26751 55273 6525
50431 57162 6773
61280 50358 6556
57106 57443 8425
60596 58821 7426
58963 58405 5370
57595 47255 7118
50328 46586 6945
49062 61262 5738
727 58842 8978
56898 42262 6170
54713 58842 8795
56805 61262 6763
61014 52295 6308
60937 50328 6873
49884 59932 5458
47882 52762 7121
49557 59936 5648
58537 47164 6377
52763 38134 7663
58821 56224 5885
58963 61148 5818
58717 59337 7139
40295 52160 6687
58926 58537 6094
47646 53050 6963
5945 38664 6931
56227 46593 4466
57938 36789 6945
61023 40905 5466
55273 28603 6300
24315 61023 5059
48274 38665 6740
43683 61262 7388
60841 47646 6997
58963 49887 7433
1227 57105 6811
49884 53002 6226
52160 5251 7090
59824 58014 7420
54804 60668 5889
46608 60829 6025
50750 58725 5745
37192 60214 6391
56419 50519 7040
54751 52160 5335
34029 38663 7678
60972 49879 6696
41331 52809 7743
57192 58947 7022
56556 61015 5710
51590 60470 8175
61204 39635 7131
20938 57105 7310
56697 55456 6789
47875 60534 7484
60059 44577 5900
50328 51916 7110
21738 53180 7668
59833 51109 7877
58842 19681 7009
60640 61146 6155
46802 38662 7957
9172 58843 7191
58947 53922 6122
52567 61292 5572
35041 38665 8071
51329 56121 6013
57264 57650 6960
49877 61237 6324
58842 18043 6434
49191 57105 6867
61023 17940 6575
47257 37548 7999
56214 53179 6637
60127 57183 7652
28947 38664 6802
36791 59585 6438
59595 40878 6198
58842 3206 6272
54291 47257 5687
59785 44402 5506
41945 55273 7483
61116 45880 8360
21467 58842 6901
60596 46987 5947
53689 52763 6517
54380 47646 8178
57200 52791 6090
47257 54976 6810
52158 48025 8044
47257 34796 5712
41331 45596 8033
52573 42689 5898
42171 55273 6983
38659 60976 7393
58842 12820 7341
26162 57105 4775
61023 1522 6876
59139 56776 5920
42689 59974 7023
55273 37243 7975
56257 46995 5623
60217 57513 5925
57001 47646 6587
57640 54104 6517
56292 58842 7056
39528 38663 6493
57425 52159 8401
55273 17154 7404
41337 49645 7148
41510 61023 5854
53179 29565 6462
56777 58535 7740
38664 39802 7154
41776 59270 7550
58843 57179 7399
54775 45626 5850
61262 33718 6539
55326 60931 4911
38664 50457 8122
55870 60059 7646
51734 58725 7919
59766 48646 6215
33699 58535 7085
61204 50435 6763
2857 58842 6729
59462 61019 7812
51599 55273 6258
57587 45932 7169
52884 38391 6447
52763 49722 7006
46240 46984 5859
57105 43970 7148
21879 56380 7306
57105 50868 8020
57660 53177 5338
38664 19156 6750
55858 46233 7468
61113 53423 6337
52159 55989 5247
53001 58610 6585
54152 58963 4726
47648 37653 7069
55273 49689 7581
38663 40768 6474
51496 57105 6044
55235 52158 7096
36524 57634 6715
58521 48055 6988
60931 27125 6211
59351 59974 7409
58611 45752 6888
59785 58221 6277
31294 33624 7432
46309 52760 7434
57975 54892 6053
59090 51611 7397
38665 21742 8056
56419 60525 8320
25510 38664 6911
60470 59015 6303
53003 53797 5595
11499 58842 6029
59139 55029 6906
5715 61023 6160
53046 54494 5791
38662 37509 6713
47883 50328 7238
58162 58123 6871
38665 44163 7324
58651 60215 6648
60858 54353 7081
61204 55087 8320
60931 47125 7224
56223 56121 5721
58842 37832 6348
48917 38663 6899
53179 58033 6925
49880 60276 7167
47646 48240 6509
58842 19964 7060
20922 38665 8012
56026 61073 7109
56648 58209 7906
61093 59090 5586
57353 48960 6892
52566 56807 5929
35444 58842 6486
49877 46994 7299
12853 58842 5972
42213 58844 7528
40435 58842 6786
53540 57645 5820
39769 38664 7078
61023 6648 5793
57819 60489 7249
60879 61014 6840
47978 55273 8060
58842 48042 7456
46987 50613 6228
17387 55273 6306
59594 56422 6981
60101 55273 8579
58507 61019 8028
59901 61023 5471
199 38664 6922
54356 52959 5662
53181 56959 5563
45881 58895 7572
50101 56423 6431
3300 58842 7107
61232 61028 6309
53180 51623 6803
47872 58206 7205
52159 39096 7163
58842 36769 8924
55445 58537 6941
58209 59455 9294
57822 60925 7009
57644 56897 6159
55544 56419 6825
49948 60200 6724
11441 38664 6677
53180 3481 6364
58842 18466 6031
45660 56380 6872
58611 43482 6268
55063 53179 6930
61262 55828 7005
57819 28503 6626
47644 28529 6056
46590 57589 8364
53002 60672 5544
52242 61209 7662
58720 56431 5284
61023 4156 6371
49879 36533 6382
51919 60778 7096
58724 52242 5833
58535 57745 6925
33610 58843 7267
55273 2559 7661
59974 57513 6567
38663 29852 7006
61041 58715 7089
61023 46031 6789
46896 58843 7330
56419 50258 7091
55226 56512 6843
47646 53962 7439
61262 44748 6408
55625 60846 6899
48284 53179 6564
58725 52069 6176
47257 58942 6710
58537 49850 6555
54488 49043 5836
52763 37642 6515
55227 40879 6141
41367 38663 7153
48038 61023 6891
44980 56419 6657
46092 52160 6426
38657 60834 7538
6254 58842 7772
56134 42260 7128
38663 27799 6822
47648 58400 5633
60150 42570 7984
36530 49549 5301
56512 50415 6680
49549 61206 6265
58511 60216 5636
54462 56423 7345
21841 58537 5624
61209 57571 7982
57562 33800 5594
38664 56078 6077
60531 51330 6132
56380 51151 6354
49544 59244 6309
53342 56660 6274
56782 55273 6470
60464 54491 6859
49643 45598 5764
60533 53209 7025
55454 56044 7774
60693 60866 7777
49896 61262 6824
5988 38663 7052
55320 54492 7449
49199 38664 6852
57514 60200 7109
34495 38664 7360
51794 61204 6852
41138 58843 6791
47071 55273 6187
61204 44337 8795
38664 17703 7129
14597 38664 7784
56034 55463 7780
58720 60827 7862
60845 60288 7352
50431 51741 6220
58842 849 7660
58947 36711 6859
61023 6027 5711
60661 49549 7248
59139 58105 7168
52763 46238 6770
14842 38663 7584
59527 58718 5765
12638 58842 7513
48701 54177 7649
54783 57639 7132
38664 29991 7322
38663 21649 8221
25744 60370 5954
58842 2127 7341
38663 38673 8812
52160 42511 6491
59824 38394 8252
59270 52607 7053
57699 53057 6104
60270 59090 6911
56122 55017 5142
51191 58843 6744
24011 38663 6123
54889 57821 6620
57404 60369 7364
55273 58068 8370
56912 58209 6208
49099 56022 8240
60642 47713 6396
59008 60532 6133
53913 55080 6544
58821 60935 6132
28933 58842 7162
51725 60369 7798
47647 56219 6562
61023 30681 6358
45594 60669 7352
59823 58800 5704
52920 47644 6488
61262 56016 5746
23741 38663 6111
58724 59823 5920
52763 40264 7430
45981 53180 5547
29100 47255 6348
53180 49406 6389
60668 45880 6912
58581 55538 6725
42254 58842 7880
60369 57341 6367
58611 53830 7700
59105 47257 6203
61209 52965 6933
38664 14771 7632
46591 61242 7217
60417 60320 5157
60577 47647 6653
57105 17778 6836
57388 38659 5967
58963 60094 6117
60257 60369 8192
60662 54488 6891
57587 42596 7250
54613 56898 7214
9082 38663 6806
19603 61023 6853
38663 49963 6729
55459 60200 8177
60369 54462 6453
16844 61023 5841
59128 53180 4873
38664 35875 7492
55936 50432 6491
49104 61146 7885
61023 27742 6067
54355 58353 7510
60436 60441 7832
4966 61023 6836
61023 28446 6701
53783 58842 8716
38663 45542 6360
1647 58842 8636
47465 57105 6850
17283 58842 6506
58494 58843 7325
24670 58842 6168
52159 42258 8269
25152 61023 5728
20045 61023 6069
44844 61023 6355
59259 60166 6524
58842 1502 9332
51268 61262 7620
56380 38281 7775
61262 47989 7662
60765 47255 6937
53179 31297 5812
838 58842 8009
38664 39561 8378
44558 59767 6317
56380 55187 6536
42370 58725 7004
60931 47241 7289
51767 61204 8160
57766 58209 7358
60059 57760 7359
57587 49042 6794
46213 61262 7206
52575 49544 5797
38664 60483 8345
38662 52780 8126
38664 15788 7118
60931 42221 6905
47257 44114 7414
52636 38663 6117
60668 38382 7952
58843 52261 7058
41662 52763 8144
5630 61023 5789
48643 61023 6518
43634 38663 8521
56423 52205 7068
33905 61023 8667
61204 53077 7609
49096 60211 5826
60401 60531 6308
52759 59158 8343
59766 52409 6580
49948 52884 5652
42213 51611 7359
42230 47255 7938
38664 21410 7756
31651 55273 7084
60952 59592 5821
57105 35894 6567
56035 57760 7288
56364 56423 6110
55536 60370 6798
35101 58843 6908
47648 28547 6332
38663 52141 6134
38663 52141 6134
38665 36534 5557
56134 60515 6351
53098 56024 6330
61113 54177 8679
58842 53600 6864
51109 54877 7057
59785 59209 6876
56608 58725 6875
16832 38663 5471
57822 58223 6230
52160 56007 8348
47241 53180 5284
24294 38663 7893
53177 36901 6857
47995 49641 6964
57105 37675 7171
12074 58842 6743
58949 52808 7533
53418 55028 7600
60672 53540 5931
54756 57105 7210
50001 61019 6827
46913 47648 7465
50230 61023 7153
45684 61262 6531
61014 61000 7083
52157 36526 6879
53177 60738 5538
56031 55273 5191
36786 46292 6411
57556 58610 7053
47648 45599 7207
56990 58843 6122
44439 38664 7126
53378 58842 6565
51064 38664 6245
61268 53180 6009
53177 34174 6548
41259 38663 6806
38665 55091 6777
61023 22340 6221
52763 58318 8431
50025 57105 6622
61019 60347 8376
59384 53180 5809
46300 56043 7159
61216 50622 6641
47255 47890 7478
55323 38659 7013
61232 59468 5875
51122 59955 6746
57819 58314 7599
60672 58904 8312
38397 60211 6093
49135 58947 7400
2219 61023 6910
33893 54355 8387
60370 51327 6982
61014 59969 7186
57639 53425 6067
29606 47644 7289
58724 57650 7211
50550 38665 6010
60931 37630 6920
31294 38382 7912
44557 38657 8823
50749 60931 6690
60778 53430 7436
58842 12937 6897
48405 61023 5395
38657 41340 9444
57523 61023 6008
26002 55273 7380
23315 38663 7540
38663 5865 7537
38664 36814 6026
58842 43125 8236
61019 57852 8124
54537 52159 7957
52251 60212 6088
48710 59468 6467
42580 58843 7728
45626 59824 5151
58842 32796 5611
55273 56561 6860
59592 47256 6554
46590 61209 7006
41338 57353 8766
38663 20571 8015
5549 38663 7218
58521 56026 7092
39366 61023 6147
59592 60935 6091
58842 20838 7981
50611 50895 7688
38663 25148 7003
56121 52809 5878
58842 2025 7572
31296 54877 5955
55625 36529 6043
52569 55464 5786
53179 42181 6651
52651 60778 6867
60931 50563 5544
55197 38665 6568
40882 50623 8285
61103 55080 7020
57639 46240 6111
57114 55273 7405
38663 41831 6787
36866 38664 6984
23914 38663 6621
49643 49547 5913
28636 61023 5292
42855 51104 8393
51112 52791 5228
41328 60534 8275
52763 47647 4786
55273 38103 8618
46993 47257 6400
61124 57105 7969
52160 56170 6469
33800 42480 6089
60693 46607 7785
54474 59139 8610
56037 52157 8697
55273 52416 6835
58842 963 8167
61044 58843 7480
58450 59766 7293
61262 49348 7315
58843 58222 6932
56380 57298 4862
51916 57353 7434
57873 57641 6502
61262 55940 7515
38664 34977 7043
61023 2784 5828
56757 60778 7587
60338 53180 6794
39655 61023 6393
61023 34081 7551
27733 61023 6231
58842 29446 6516
28520 60370 6166
46990 60668 6266
55145 38664 8163
17177 58842 6951
57641 36870 6899
40620 38664 7157
56905 55273 7981
54352 60153 7875
57105 57789 6420
58537 60670 6971
28540 55273 6652
20253 38664 8083
42717 38663 8556
53179 38017 7762
61023 55281 7124
8252 61023 5483
58999 38663 7404
60931 54456 6816
38401 54488 7353
60294 47644 7061
49761 53180 5982
34519 52160 7453
59090 55738 6898
58947 56409 6979
57106 52806 7696
38664 51689 8728
60386 58949 6879
3980 38664 6259
60931 53424 7230
57337 38657 7947
49701 36786 6793
57819 58846 6241
53258 38663 7932
33800 56363 7016
46589 42214 7841
52051 33800 6154
56029 56257 6849
47352 47648 7233
58843 57246 7180
52159 51842 7024
60370 47076 7247
52158 58731 6398
59823 57639 6197
52766 60533 6168
51856 58842 6940
44116 57105 7500
61204 54893 6794
57353 47876 7576
60283 52763 6135
59203 61262 8037
46978 46589 6445
61233 60642 7781
53179 54762 7162
60151 57106 8046
56023 45596 7218
61023 46321 5756
43493 61023 5874
36601 61023 6444
42340 61023 7192
57105 56368 6376
60742 61216 6184
56380 30927 7315
52375 53180 6140
43734 47257 5612
56038 60668 8075
31370 57105 7014
61206 47646 6716
55454 52884 6663
47255 57588 7784
51789 57105 6823
60539 36786 6745
50415 60137 6967
53177 56259 7044
56921 61262 7561
61204 53176 8538
8064 38663 7361
59946 52763 7569
58842 23143 6310
61116 56421 9217
57106 48701 5956
38664 58769 8986
36887 61014 7061
38663 35286 7758
38659 46977 6571
37720 61023 6837
61023 43379 5949
47255 47348 7161
58812 57105 7467
52220 61019 8170
61089 60778 8567
61023 56729 6776
52575 60829 6189
42213 56039 7692
56364 52160 7078
54355 46605 6241
60542 38663 8350
46589 60232 7324
58842 43137 7748
38226 53180 6095
52569 61209 5889
58842 552 7739
27181 38664 6627
44879 52160 9452
53177 60290 6391
45627 55451 5653
53180 57163 7703
41436 38664 7342
45901 38665 6783
48072 58842 8056
61262 57098 7225
58037 60642 7926
57819 58031 6940
57105 54456 7706
60829 56420 9268
19052 61023 7609
52176 58843 6321
54775 46592 7447
57105 49959 7272
45587 61023 6093
55532 57819 8186
52965 60719 7074
58947 49947 8350
53755 38663 7269
61023 18822 6316
53177 31292 7300
45096 33800 6060
53495 61204 8513
53872 54355 5916
32460 53180 6928
60255 58535 7134
55273 53536 6583
46300 58725 7409
58842 27923 7686
38664 54833 7431
38659 61220 7565
61023 20069 6398
48268 61262 7107
60137 36531 6853
60369 48188 8497
57639 57696 6267
60534 59199 8173
61023 34080 7164
61023 56917 6923
58537 49113 7849
54652 53179 7387
57186 38663 8493
58842 39036 8857
53177 59520 5651
60412 38657 9183
38664 29508 6970
61023 18838 5519
58596 60369 8224
50810 53180 5701
55239 57822 7058
55224 36789 6679
34866 57183 6433
55273 32455 7689
58592 53180 6831
59090 42214 8618
60250 53180 6804
56035 50616 8538
53180 51986 7230
46982 61061 6635
52160 56409 5446
52160 57565 5826
43112 38663 6542
53180 59878 6903
38664 37279 8180
58842 42593 7623
61204 32421 7368
38481 38663 7616
58842 54984 7745
59655 47646 5932
61019 36719 8464
58842 44158 8831
58537 55966 7575
46994 61116 6628
52160 60135 7230
61023 55468 6718
61023 2538 5911
47257 51625 8759
59634 47257 6274
38665 54131 6551
38659 59072 6719
61265 61292 7414
38663 37641 7614
60931 54365 7835
46938 58725 7492
52160 58315 8014
58325 58610 8637
49803 58842 8670
55074 33800 6735
61023 6466 6563
53423 61020 7862
58842 1099 8259
60845 59918 5948
61023 3392 6898
60370 57200 6542
43345 57105 6628
58612 59499 8879
44757 38663 8729
58963 57643 7576
41191 58842 6730
38663 44753 6623
60693 56222 7292
47255 58650 8428
58610 50432 8283
52575 60200 6593
61089 36791 7235
52791 60320 6544
61262 45888 6804
54138 58537 7240
19696 58842 7652
51122 58721 7919
61023 36385 6693
55273 53349 7208
50887 61023 5665
52885 52791 6803
38659 60175 8960
36522 47257 5959
55445 61023 7198
61023 55065 7394
57443 61204 9612
29403 58842 7570
57105 54325 7087
58615 60719 6608
34064 58842 6962
55273 60254 9319
61262 32499 7358
58842 19024 7065
38664 51227 8693
36789 59801 7661
61117 53180 6885
58904 58209 8669
55722 56380 6940
55235 58537 6935
59785 36533 6057
57856 58611 9030
27842 58842 7904
54190 38663 10147
57640 61146 7190
3451 61023 7008
58611 53542 6908
38663 38090 8696
61073 60931 7923
56122 60153 7720
38659 52473 6701
58611 61266 9410
49645 59244 6442
61023 26400 6963
57646 58206 7691
56219 58725 7161
60370 53744 6345
56421 38659 6254
47641 38664 7799
56380 60132 7067
53177 56221 6417
52302 38664 7646
51225 58842 8094
51787 60534 8076
55273 60159 9602
55273 36719 8663
61255 55228 7282
59819 59766 8948
61204 57031 8013
58537 59043 7785
52763 59706 8980
58842 59102 8887
42570 60369 8708
59468 57642 7878
58842 58871 7624
34637 61023 7645
61280 61015 7094
61023 32369 6836
53180 56897 7402
38663 57240 7459
38663 36988 8530
58535 56134 8108
56691 38664 7928
55544 38663 7481
21856 58842 9555
50157 58842 8259
46382 61023 6063
55017 38665 7607
45929 60370 8003
56122 49645 6885
52760 59270 9047
42562 38663 7356
53002 61019 6672
37934 38663 7391
61023 53113 7472
61023 47601 6854
49557 57819 7719
60212 59090 7188
58842 55678 8252
58842 57225 8518
55683 38664 6743
44784 38664 8970
61023 54369 8213
58537 57746 7849
58611 54781 8310
38664 46939 6771
58947 55458 6427
58581 51787 9404
58842 52053 7402
37677 61262 8860
38664 57475 8207
56026 60211 6827
53961 38664 8417
58842 52350 9031
47646 50616 9254
58842 39648 7693
38659 61166 8472
55273 49699 7946
52759 58947 8974
38659 42214 8544
45011 58842 9510
49774 38663 7651
60638 38664 8335
38663 47886 8501
61204 60669 8115
58963 60214 6999
55273 61056 7976
38659 59974 9185
56696 55273 8692
53180 50616 7366
54355 60533 7316
56423 52884 9486
56809 38663 8483
60230 61019 9597
53209 61023 8262
61023 58429 8952
61262 54256 8815
56423 47646 6972
61023 60955 7795
58537 60858 8667
61023 55721 8801
38664 31296 9666
