15622 563 494
319 5700 2
8707 2147 795
4437 20233 683
9908 22013 10
8968 44047 1991
26644 51499 164
45608 20104 11
6986 27584 11
34457 46313 1343
14757 16256 14
7157 34410 1073
53780 50321 1440
16400 8928 425
7844 28804 22
16 43121 1361
34875 12529 1217
15300 26305 1436
597 5722 397
48160 10139 1323
10514 14221 32
404 408 1303
22135 5631 33
69 52168 35
25591 35879 35
51994 51943 35
30811 40944 216
26455 12931 484
52609 46784 951
30426 24044 1610
1723 48358 2249
8418 26406 37
8390 31596 2063
8288 13055 1963
7772 9524 2629
32526 45438 737
44702 50379 43
29063 37085 842
47676 876 44
24590 6761 673
14108 368 48
4120 11 48
39645 24924 1368
3151 24458 49
53000 45198 1564
3179 18813 518
53604 39422 50
289 38670 50
5181 25288 51
18992 54393 1465
8928 29098 1486
563 6312 609
41108 38809 388
17231 11206 3426
2925 45886 52
22891 144 844
15952 3928 461
48442 10186 54
50110 6172 1683
40878 30110 55
44068 583 2581
528 529 1521
14523 26802 533
23272 12523 1227
40139 40 56
27322 20458 538
30852 40491 172
7128 45190 1716
31626 6963 57
31596 41968 3755
26414 2914 57
29274 45608 599
52260 32483 58
43249 44984 582
50028 16421 674
55184 17079 58
13219 26715 59
17454 37547 842
23685 23363 1173
14052 3335 1304
26617 39640 906
54818 5829 782
15479 15631 61
98 43488 990
47353 45212 811
4073 53000 2158
13079 27865 649
10418 18602 489
48621 24288 829
20004 37907 1297
22042 22529 64
23250 9731 65
4804 19931 346
26776 199 686
48712 19063 66
473 2070 407
44227 20724 829
41787 46231 750
28144 24424 67
21238 28686 68
6337 1000 610
8584 55037 1410
34063 38389 934
39635 11047 70
33242 2379 1410
53862 4267 3080
36310 51933 1012
21267 31556 900
6004 6534 643
44561 21194 1648
12073 35701 772
11533 29271 72
34942 37511 120
17091 24843 340
29274 3427 852
20845 46017 73
39152 4782 1283
7008 37663 342
5942 3332 1207
22752 39970 1165
29468 36786 75
24588 25914 1360
11698 17885 431
16079 18002 850
3767 6703 2065
52665 17203 514
21647 823 750
10837 41282 989
48893 13738 1236
1169 36780 1569
4796 5716 1244
4150 36 1377
42086 49267 1107
30672 51392 82
43259 34681 1133
4339 25961 1840
39645 13481 84
24790 17496 1725
51500 4339 1737
8967 6286 84
4144 29871 84
4735 6535 754
48484 17774 1073
39422 8741 1592
1576 27963 725
6352 18331 553
23490 41252 604
42623 1840 86
28277 8381 86
13719 5118 248
1169 29656 1124
8247 26322 791
53217 20990 2579
221 220 89
38384 87 511
35413 23954 1293
19421 48539 89
2939 15276 342
1811 36406 988
26054 6703 2124
20466 2169 484
46904 39852 1038
53158 687 90
21089 21490 981
43259 9865 584
50321 7410 748
27436 49971 888
35068 12735 986
11335 41843 92
11834 40868 2197
39129 16 92
26722 15035 2659
27584 6861 832
213 32981 93
3078 25010 2142
54808 4670 343
11293 7128 917
12879 32776 1573
36239 16968 1094
16 14964 93
12187 40 225
46621 40423 1864
43506 40491 210
31626 15056 211
51758 19185 95
26674 45988 2344
8675 18787 699
8822 16694 1960
38458 54013 279
33681 23552 2083
52263 38842 1912
54393 21667 370
40207 4341 865
12906 13773 96
19637 19612 631
21896 35701 350
11892 40208 242
13241 35118 1222
42076 12832 1912
4493 42030 1283
20920 30813 855
11107 20920 855
31747 4626 947
14746 36367 1533
51807 8381 1065
40208 1183 833
13214 50070 735
52266 14004 785
18022 28316 98
7785 6227 1020
12212 18870 1564
40870 34884 772
9734 17452 1987
17055 21630 1283
18342 3098 642
13288 34894 1006
46445 14908 1085
30110 39541 101
2505 21375 1600
25380 28274 1715
55520 27584 344
25591 25993 834
856 6888 412
45858 37663 580
24557 54904 730
43110 26971 353
50266 25984 581
55299 30830 1631
48811 30516 105
15053 46712 105
4488 4341 1573
5605 5606 106
17808 52009 422
38948 23222 1727
36476 38712 1208
10330 27408 302
43297 20277 630
11485 13781 1185
41122 8425 965
14964 28761 626
16244 38948 1553
38187 53224 948
43272 31349 110
6171 25569 1571
34051 19136 170
5087 35068 1552
32406 18183 2265
28054 48344 198
37154 5696 111
27414 39645 485
34444 7410 633
39450 33888 688
9865 36255 116
23328 4878 1116
5119 40208 196
31280 10299 847
33664 7962 1312
14222 54095 113
1815 55354 382
53224 24986 1048
36172 2845 1146
45703 31963 586
83 31991 114
44037 14645 1038
659 49833 1458
16029 18968 115
6468 9498 2411
25329 26579 300
54813 16289 2617
