13554 39020 1477
43826 15854 767
39580 38478 1040
3077 44414 266
36245 2451 2736
45249 4812 116
2842 36174 116
4591 53223 1234
26476 40 117
52489 26305 1254
50392 49324 892
24846 23685 117
18053 45313 980
24790 22187 1103
15616 26305 594
9020 49833 850
25010 26670 1054
28270 12868 2788
4855 12325 1125
15900 21838 2538
45164 28513 566
6501 36734 1289
2049 32003 171
8910 8544 119
2906 45114 507
55046 3026 525
15616 34766 119
322 31753 120
20562 37094 120
9865 34702 125
48963 27260 1373
32902 31626 830
869 27391 120
1185 2799 121
45699 97 3635
6719 211 1699
47202 21991 1183
25914 55391 329
11550 520 1218
16468 9409 121
36107 5395 1113
14755 5809 4426
18831 51890 1280
37942 36136 626
7392 9612 1159
12523 3622 949
18437 16000 1481
2578 40788 1080
2404 43249 198
52158 37480 124
8742 33859 935
21999 34831 126
13341 47353 263
4727 52705 126
14204 14850 296
1954 31372 666
7891 45244 394
52805 45492 555
26483 2262 531
39852 52628 288
30427 42298 2329
51867 4340 428
69 2835 807
47325 8040 128
40019 53056 2059
3687 45035 2813
50853 2929 1196
14964 23806 1082
31311 19151 1551
25111 46298 130
6300 45188 955
774 3217 769
50156 28712 2011
32458 31825 896
51798 33055 571
31492 6760 1709
964 42086 1588
7307 45445 132
29612 26026 1847
40537 51834 132
26194 2992 915
16444 30000 998
14511 41616 924
27636 20400 1092
4581 3901 1274
16274 17820 1908
2644 24017 1327
27439 21497 1818
5823 51943 1166
50999 8195 2223
39041 30696 1319
24557 856 443
9905 8328 1373
143 37135 1515
47214 49145 826
37724 32642 697
6036 35183 831
48963 43259 3564
6138 21425 917
43631 24868 490
55026 41277 1128
52168 33091 272
22182 36254 750
50392 31955 765
16468 27362 396
4336 33722 549
8666 33098 1329
7891 50797 888
74 4047 1396
3602 29878 1258
4628 46313 1595
5733 30000 959
51583 39851 1225
51857 1770 1469
30830 22499 817
7262 2975 1454
26715 24233 137
23504 34943 138
738 28135 1359
4568 15109 428
6890 30811 835
2761 37797 138
45696 21837 591
17168 48459 571
13650 32850 1297
24181 52519 1706
21309 40458 835
962 39152 889
55385 17242 1596
5145 2212 139
9708 29757 139
21342 54566 140
54764 38752 955
16555 51054 480
14107 8992 2484
12049 5875 1297
2437 45682 779
54992 24564 2855
3308 23685 2315
35337 34000 958
8700 53496 1783
21886 33091 608
25377 867 1340
43936 34132 1512
16612 9788 1857
3138 250 1990
17754 16583 142
17231 36255 3083
48875 5556 1249
49401 40124 787
7465 3347 1305
32159 550 1075
19390 39246 3678
35163 24924 2713
4591 24596 617
7575 46825 592
4307 7045 908
36856 4893 1005
44752 36239 2144
39846 45212 2230
8290 5942 1253
2540 28210 1058
51806 22487 369
14389 28277 961
2855 16599 668
989 35154 977
10535 4383 955
2326 30888 1726
2147 495 729
17650 43865 1667
38999 961 1261
44479 48678 612
27811 41213 146
14811 9034 442
39955 670 1734
9717 4736 1314
24078 51807 1113
39942 7172 1417
1129 20470 1788
35044 706 1986
15789 814 1332
4434 21671 1200
50803 15537 2981
43259 50622 1687
50992 31426 604
12775 27507 1367
13481 26579 332
6582 46363 147
47446 8299 1675
30603 1840 147
28925 51808 1198
3642 16462 148
47353 29955 285
54818 14017 257
52227 2875 1067
44494 2501 148
20134 8414 740
12200 25791 432
33049 25092 1227
27507 26169 960
48806 8475 1508
17059 49920 4729
38642 33695 1073
12018 6766 219
1662 51903 1045
16252 5686 555
43117 7399 1043
8729 39730 539
55312 37724 1105
36908 26324 170
53476 49344 709
35739 15952 1852
35173 122 1059
53000 33754 2743
53515 49054 150
10716 6575 567
31465 20928 792
51984 9036 1375
19659 19658 151
41683 1506 151
26182 39314 151
278 39563 1642
5215 55035 152
44662 30852 469
17069 40073 1357
28502 39189 1003
6417 1835 2676
23403 35691 306
22091 6547 1683
51484 12103 804
23216 8266 1310
8615 46499 1513
38940 15742 153
21438 37491 453
12737 10590 570
2859 24781 708
1183 11883 2228
11207 26390 2225
36621 54800 836
13772 43121 1343
45797 22937 910
46562 10464 1839
55312 23929 1103
46245 35126 1312
22197 53476 154
1105 36346 154
11405 10807 2162
47699 54107 792
18582 11039 614
32586 19421 485
27632 4714 870
5035 47189 953
55659 13798 1084
36698 11576 858
42515 1571 829
52263 22979 906
38784 27427 501
23933 17388 750
32458 21828 2647
7425 6159 1733
29908 26209 532
49399 32312 265
24822 34000 2192
54918 7695 156
47184 29925 628
40586 28522 619
15221 16318 157
43470 45198 2207
39579 54992 3098
17865 26344 1230
27789 42546 2121
27601 11009 865
49030 36136 998
40978 14783 1444
37552 40944 525
1021 17187 1802
24222 36104 582
35107 5918 1383
10503 36975 1322
12218 15726 1862
39145 14974 386
3520 7940 1910
12749 24017 1167
44719 11704 1489
39594 5798 776
44749 7849 597
46621 8366 159
54940 1675 634
30659 33830 526
10404 44722 3285
7652 34051 1684
8120 329 1673
23680 25599 1704
47269 5379 1102
54911 41499 520
10066 39789 889
52446 4399 1036
32545 4998 510
40978 368 2027
27059 43371 1704
1646 35180 225
19724 2059 915
4929 44104 3081
21728 9024 2196
38982 41940 468
38098 22137 1580
4814 16921 689
22913 26346 161
54110 4457 709
4401 27193 1616
18693 964 865
38517 13074 2261
37951 9855 797
50882 47284 736
29899 53780 2896
22074 3993 162
55099 4317 379
7262 33844 162
41206 12652 162
17225 46697 2532
42076 28880 724
8248 22440 384
27637 51933 1467
38713 29663 872
36212 5223 2756
29491 41854 162
31596 53258 1731
608 28328 1326
30979 675 814
37522 21125 875
20990 12348 822
20048 11735 872
28311 35202 163
34900 39960 488
31238 38146 369
5710 2780 1216
32777 18342 1316
50426 42556 1046
51583 32697 322
49186 7399 163
13717 40564 282
28560 3302 164
15053 12162 2027
49283 31118 447
3545 43163 1827
8358 25990 1344
20084 29288 1655
23129 986 904
55237 39294 165
33435 51903 165
31611 16883 1224
3103 25683 1188
11333 23722 1190
41706 49597 1123
29150 51994 1643
2640 4289 870
28545 28051 828
3146 47562 166
31409 45061 1713
33656 10527 3263
39129 20295 737
11107 16447 166
1182 1478 359
2234 18876 1042
1806 23328 1145
24437 29202 677
25653 20438 167
32429 38455 1184
31902 37169 678
825 14200 685
13480 28695 1776
15908 41740 420
46930 402 1082
49393 40208 167
22022 54956 1594
40651 10773 1287
34311 15601 1194
4981 25968 168
17638 17034 673
40868 30830 2045
27840 3753 640
11802 50992 822
24476 11905 168
16725 17795 730
16400 2666 969
46484 3971 1670
2643 2162 2295
11417 7051 670
14294 36239 1526
18230 25850 176
23000 552 2007
13258 21765 961
278 47923 1450
32032 48287 853
21751 16932 1703
12625 28086 1780
15784 6423 2792
3441 17822 5210
11566 12149 1765
6231 54069 1117
55659 29604 1756
51220 45107 1945
20123 4735 2515
30283 35289 1071
15142 20809 864
20514 2416 1488
50640 36386 720
30614 15057 726
1353 12363 453
31116 35026 580
14191 21650 1469
5417 15857 907
38885 11426 1405
52405 33409 1253
53378 31058 1193
29220 22474 1134
51499 12690 1413
11565 5383 714
5608 10716 173
49430 4714 173
13554 25883 1007
42916 48470 1964
170 47216 264
33846 7038 1539
21258 36487 1132
47311 19170 1183
20786 47075 1124
40001 21216 564
18667 32042 712
8666 30386 1444
23255 6369 1723
51607 28695 1769
51603 2032 232
3864 23534 174
28097 35462 1269
52609 1143 1016
51943 5200 1005
1143 15242 2230
44398 221 814
3705 2799 755
16384 5145 1165
20494 25661 940
26142 5875 1423
51414 43477 175
43477 51414 175
17084 54239 1465
17042 39543 4419
28713 8822 556
34942 35160 175
16070 25054 660
27933 22180 1075
52609 23640 880
54778 15197 3346
30036 47547 725
7716 35116 1829
14757 44702 2667
11405 9407 176
48597 30086 2802
24722 41533 1316
17836 10023 661
6171 3563 3238
47621 55385 335
9517 51645 4270
43450 38401 1521
52609 15560 1173
4748 23213 2017
4671 53407 1036
47029 49078 1136
46245 47346 1129
26505 17000 525
40112 21739 956
2906 1869 939
42918 36391 1799
22415 20925 3259
47148 17088 178
5223 6862 178
5304 38517 1817
20922 4546 1411
2418 53846 1094
12659 14421 1123
49073 27563 489
36139 8462 1412
8064 7325 1074
12660 16684 1148
23880 6861 1093
20819 8608 4539
53673 43552 1264
29798 521 1710
49430 3229 915
40978 47284 2620
43013 51556 2056
11735 10978 2400
1886 29352 2118
43189 50904 231
34760 38760 314
22692 51954 180
45225 52671 2162
15140 20841 734
51798 9997 628
36477 45225 1676
28937 15503 181
17638 10696 1795
9352 10582 181
8305 37480 991
3119 46167 1334
23625 46252 1118
24677 41672 589
22392 28607 805
580 52260 470
11740 18808 268
28761 2777 698
1806 47293 895
31502 8863 182
43298 644 182
7128 35975 329
47525 9044 2375
21249 4477 1252
17035 6703 2048
6072 50929 845
23477 53639 1645
12702 37292 718
6806 4131 1071
42036 36698 835
36417 32367 806
13688 19887 2905
18209 12179 3045
53105 2299 1448
12479 46181 991
21261 8675 1595
9119 41404 183
17709 4919 1048
34087 27506 355
26346 51138 4113
69 16518 936
18085 16565 2607
42728 40529 678
38499 39923 810
53130 22297 341
40027 48219 489
842 34407 2021
11580 49235 300
39267 32138 1189
344 44982 897
15724 15873 1184
2501 7511 184
8071 11002 1783
597 21632 1462
3959 15013 565
1126 37764 528
6171 31619 1246
29001 38897 735
2691 22401 929
15401 41937 2156
52168 5179 185
53056 3424 1333
33886 30036 1799
39973 51571 1039
55255 22377 352
1997 29015 1571
32701 23153 1189
11459 39897 185
40967 25739 892
44778 13330 601
44698 40294 980
22557 24181 842
104 17054 833
25294 2697 430
29015 44068 622
15911 38006 2186
48269 48082 186
43947 16821 460
18787 25092 1614
11294 4289 2372
27191 24720 456
31902 22111 1673
22937 1337 1263
8887 7782 1053
667 33190 1321
18033 32909 2041
49448 4836 1052
37169 2418 1443
35126 28394 2490
18937 46149 588
52756 4131 187
48228 52882 1042
33888 35725 187
33078 42957 187
25898 51462 960
10023 25558 1253
28937 6470 187
26722 49470 4645
15909 52751 980
3374 52359 1611
34611 1415 1904
34564 32273 187
11124 1106 2657
572 44950 654
9113 49725 1418
32524 41174 2466
10698 42757 1229
9876 36239 3310
13880 24710 1686
25288 8415 1304
53246 22474 1150
31372 20834 188
50803 27193 4037
3911 55462 263
41710 11485 1475
11293 5486 433
9885 10545 1363
23207 43576 1346
46697 31270 1093
26464 27975 1500
16767 13074 2668
174 9235 3408
18858 28179 1072
18288 53881 2246
17768 35202 693
37106 135 1047
5172 46554 913
13786 5186 1442
3140 26895 1090
44030 10263 630
20922 11623 549
2080 491 2367
448 14171 518
44225 27380 486
26715 49463 189
20587 9814 1468
27056 21342 1134
43406 13382 589
11625 40722 3775
140 36864 2470
176 16 438
35546 17407 1212
32486 15599 2398
28695 49165 815
44509 44937 341
15589 21026 190
2837 22501 190
9445 10961 1099
6260 9409 1328
50110 32668 1534
3823 6426 1064
9299 3024 3470
51009 143 1984
46527 42189 731
3241 4919 1131
13496 43259 2248
45220 327 1176
34706 13134 191
5186 3401 1536
41607 26739 1623
6764 48088 648
10198 15048 704
552 22936 1325
51045 20923 1030
10626 30496 1628
5791 23691 1040
9189 47883 1052
49960 36617 854
7417 19012 404
12133 7553 1545
2501 3742 1082
9911 7532 662
9908 14213 302
32203 840 566
41894 13824 192
1099 1185 1751
4094 22913 328
18824 11426 825
36560 48459 1102
12764 27305 192
36183 19541 448
10077 26271 193
45572 222 2135
481 50252 193
29973 25739 397
25739 43036 1660
39092 23582 1090
33656 24354 938
20479 38260 1666
20865 6443 1939
37154 15830 194
35163 11715 2754
10313 13733 1526
52907 38302 823
5627 27647 770
6662 21467 1199
24489 17787 433
49154 37140 2185
8657 40770 1441
27729 25575 1441
23296 44290 540
21886 36310 1674
12775 27601 3162
8688 55211 953
3308 50904 2369
53162 8775 2529
28311 4289 1691
5227 2863 195
1824 26054 543
4730 11170 1992
25573 22499 195
17538 30762 1617
20039 23477 695
31626 20475 653
27968 34290 196
52945 1353 510
36294 25017 655
49804 20475 1325
12 34190 1604
12288 16026 1019
3915 54197 1211
8825 14171 614
16710 8525 196
37810 5959 667
3103 28078 937
31311 10866 940
17967 31809 196
2968 38269 734
48680 51220 1848
47133 49449 197
17820 23490 2490
4818 48459 363
27539 30402 259
38134 16269 1844
29934 27062 2065
21180 18824 2272
51220 12515 1893
42483 44479 664
5542 11270 1274
33539 44931 1128
50392 26988 198
32651 50549 1892
43447 39041 198
52626 40242 1939
11088 38983 977
10194 23586 1238
31382 687 1176
41461 3370 995
5927 1955 3322
4120 36701 198
4910 34618 198
33752 13985 1090
22627 31742 1491
22774 757 198
13515 11576 488
12909 55567 198
46835 53913 198
43323 237 644
55430 36539 2372
19641 38842 1368
23855 51583 358
11277 36062 1848
49693 1780 1011
22392 25329 230
2505 55203 2082
34622 13251 2273
15221 16447 1214
29873 15269 589
2686 19545 827
48442 13055 2878
37488 52121 886
28233 9009 1394
36005 16460 1259
47155 54959 1704
24043 17867 592
43674 45236 200
55513 4987 462
5478 10320 1596
35739 11323 2674
41013 46980 820
20379 25493 701
7158 49595 383
18231 39822 670
47423 29708 511
9458 3149 1864
33722 7145 810
22306 686 1289
12718 44367 2270
20718 36733 1074
27618 33091 338
3127 41408 3175
55194 2612 1301
2429 31378 906
10925 30713 1488
55203 39224 972
19239 19942 1102
17720 4899 756
11098 33670 1305
11034 25246 202
36 53292 651
39010 25244 998
22970 11083 931
3515 31847 3014
15056 43801 957
2030 44119 1703
35661 1046 674
30676 18872 202
42922 46575 2199
10290 53007 622
24898 13608 865
14204 9165 371
11446 721 582
24209 47360 3034
10773 2109 533
24565 29687 1805
35461 4049 2117
32481 49089 1108
26182 16933 203
35161 10503 1221
15577 14567 1219
4708 36227 1694
40038 52599 1188
20271 37510 5888
16883 4579 913
13033 7378 795
25429 6766 340
14510 48484 203
14850 19018 1092
25804 21425 1088
18751 2905 2375
27659 17829 2047
36232 36388 1138
20785 8814 478
8914 27969 2372
143 37174 1022
45095 50765 694
6455 40851 928
40768 47832 296
16501 7782 1508
4929 36283 1437
22125 149 2089
14165 843 565
40737 33453 1487
39840 329 808
1371 279 832
18289 31704 723
42020 7081 1310
12129 24122 558
5386 24022 1467
53908 46059 355
50291 48902 807
15405 7137 459
12239 41071 952
3515 19382 2051
50910 47005 205
36075 49018 671
38811 16080 205
31992 2097 425
34899 20955 1249
4670 838 837
1354 48234 1349
43921 40477 1147
19912 29449 2166
55299 35350 1810
34629 55021 701
46072 2780 2549
45473 4478 1295
17795 25010 2954
5179 24191 206
47417 2326 979
51954 22180 1106
51843 3692 1589
6662 21174 207
12607 17606 585
27105 22233 1587
48541 16377 1273
55430 15944 2638
299 45670 2510
6569 1266 1175
34894 38570 1112
22981 9124 1527
7859 36382 2069
4684 9578 573
7939 24792 1734
28495 32638 3649
20658 14109 351
7137 38861 1631
9328 11511 1740
51807 28994 1526
37552 13214 207
6417 9460 318
16885 3930 1653
51713 9620 1571
17236 7540 208
10696 32398 208
25141 29640 1854
47268 40162 1927
22091 37496 1266
34689 48541 2903
4134 4103 1418
7878 23375 3997
11202 7826 500
17300 29380 2563
48797 17633 208
13663 5119 410
14578 1954 941
7674 13403 1628
29640 18230 3409
39947 41390 1118
7742 30243 774
32431 5428 1949
13373 54752 1203
50992 39831 208
52489 55303 1731
36512 354 2000
47845 39648 1532
711 34593 1947
5544 2278 569
4878 27938 558
37078 18880 2222
40978 17168 2757
39935 43705 2581
41793 20740 1560
39360 3382 2560
23255 49755 1294
10701 26929 722
12109 16371 1160
37758 19943 1305
17397 29288 2509
50812 10925 915
26189 43331 459
8900 3525 361
10702 48103 1801
49056 36928 209
55075 2186 1119
10896 18246 2672
9075 36342 448
8801 47804 432
12219 39948 210
23055 42697 1033
47938 54871 1322
55520 38650 1912
52868 55343 210
30071 40539 210
26006 5215 961
13074 40922 1371
42733 53481 210
13640 29274 1155
50999 11166 2431
46845 48680 1401
49232 3214 1223
47794 27425 1031
7601 15155 846
33049 54646 2277
2644 7115 1554
43812 18980 2222
10023 37153 2815
43466 54069 609
31 29491 2140
23951 26965 634
4686 49679 528
116 47942 348
9165 39676 211
20231 52407 455
33370 34437 930
29798 15188 2644
9210 10691 761
14609 20774 1121
27636 18312 596
55160 1976 1648
17047 20048 330
2197 18231 1971
17718 13219 704
44494 9840 1835
51428 52153 624
7819 42409 1400
41427 16503 1707
9143 6881 212
17099 50281 1018
29983 14755 3163
30852 10440 856
26393 51174 475
41415 12832 2219
25749 45140 2551
46779 33752 212
50712 34509 212
10278 797 1198
47594 48004 1068
9119 52627 414
44678 2580 2338
23108 14820 976
2950 36086 1553
5283 1968 1213
26424 22660 1265
29089 14806 817
14964 52098 1033
2565 53148 213
18033 39246 2720
34894 14830 2068
16657 21043 2007
49159 12385 1550
43284 16909 1171
49078 183 2870
53582 22291 825
2992 15076 1037
10320 30130 1704
45797 43582 214
31417 14059 214
19390 4476 3152
44756 14842 660
10503 40022 1829
7529 55314 1447
50366 37379 772
29656 36908 361
4677 4953 568
986 34960 1800
31864 7205 1052
40044 2931 3582
42585 47643 1582
7811 5407 1571
9344 50106 2116
49078 3941 1100
22366 211 1703
17874 31270 2206
30300 18080 750
18340 11278 1651
20718 10818 543
49752 2929 435
4883 4094 656
12586 21437 2369
10687 19587 215
54444 7588 1741
43330 11530 836
44994 36780 902
38753 37575 2408
51049 34331 1738
6774 41413 216
53367 24550 1151
28573 46327 287
1391 30720 216
7785 51876 3199
9926 51857 760
16565 50359 3231
16315 663 2380
12107 54214 1399
2130 28086 4060
26710 39343 1028
46125 4515 585
401 50343 484
28265 17762 1686
53654 41835 2276
29200 37174 216
6161 16248 1314
20926 2401 273
51360 14189 2361
3817 12492 1589
2056 5984 2098
20295 5904 788
8415 36382 1696
19387 30981 423
28176 28034 1440
45649 7133 2298
38701 45061 2735
38063 52909 1526
40598 23967 343
52924 17047 1631
20217 50807 428
44660 663 958
28906 24086 1676
45323 11051 616
34207 13068 609
5410 34267 217
53470 30318 3324
45063 47566 490
13185 36104 1288
7977 4616 1266
48893 36809 1316
42011 31019 1761
13629 5776 2674
54661 3080 2438
21408 32272 1221
34960 37418 978
11540 4456 290
15873 43962 1397
27840 39831 218
47864 29024 2877
53661 22234 2322
28146 15731 647
28940 26380 1159
13334 34808 844
2975 2756 2526
33260 19001 673
19027 28203 896
41499 17762 1049
28707 9856 606
999 13909 569
19865 8852 1399
7194 3688 715
23686 3918 1526
33332 32401 843
3109 34489 928
10758 43324 2754
44088 19593 727
20737 34230 1233
18651 11202 2868
35311 51668 2329
29153 24590 613
11975 6747 1259
51774 33758 1050
5695 4792 594
46526 27741 1214
41399 35461 1924
40978 20540 2688
33164 20075 1330
19667 43142 1954
38614 29099 220
7859 14548 940
21470 802 1984
43783 36700 745
2620 18266 2278
8594 24061 1670
7809 40349 1773
9597 29853 348
48191 50695 584
5788 48782 2684
11524 7128 1933
21870 16644 1394
42561 721 601
25993 38456 1628
50997 22182 318
35941 3238 736
23654 2401 696
38577 48388 546
11447 39939 437
14422 35645 1417
23201 35638 1274
25151 35959 1254
53984 26732 1269
10976 34294 796
54214 6702 1153
38838 2843 797
51420 41677 952
35398 35739 221
31611 1404 2391
6737 3961 1418
38059 401 221
1483 5985 948
51380 38929 1085
38663 13497 585
36091 31426 652
359 47594 1043
6556 6560 1839
40209 45700 797
35892 39728 222
31183 52599 1961
4593 14850 447
43043 31552 1423
6230 10457 1912
287 1373 788
55490 4398 222
47341 48875 2265
5227 31353 907
21792 30904 1461
18760 24368 610
37823 13661 1832
13540 14213 222
45066 11219 1748
18428 29289 671
28014 49000 1301
6994 17516 1014
54648 29491 223
31847 38560 1607
4422 33134 1325
28954 19795 2080
411 49931 946
12634 15300 1242
27316 40505 223
23722 12439 2032
30014 18082 1346
14108 10365 2568
10872 45190 1058
24383 19536 529
3616 24079 1388
24924 260 1661
28193 4369 1311
35985 25478 639
32912 29806 2740
12755 654 308
41638 27579 872
51713 800 2833
52750 3884 894
22393 26978 783
24043 3227 1043
1789 19390 3235
40870 25920 460
30852 28059 4056
32458 14219 1926
39233 38589 3346
52429 4869 1473
12495 35735 2638
1202 37169 2155
24810 10773 875
25141 31841 1691
15896 40246 691
26479 53091 605
45797 24513 271
16177 12355 1216
10728 13975 1376
48358 5306 2043
54020 46927 928
22530 41977 970
13084 2087 837
42919 1485 3938
51691 11653 225
19232 1498 3594
54208 11837 1912
7512 17164 1614
10427 23300 834
29622 31524 1051
30328 260 1215
32552 49924 1435
4859 20104 767
28937 31946 225
28135 41586 2181
45221 5514 1305
36757 2437 533
35941 24103 225
394 37947 1310
40719 1404 357
27422 10419 226
49105 3558 790
26567 51614 1207
28427 13738 1382
34443 15497 2951
6286 2975 3613
30300 32666 523
34218 5904 592
22499 52210 226
36327 48317 806
42076 28066 238
51927 39545 360
23855 51199 987
33472 53964 1261
50321 32219 947
54794 24044 2199
55144 42120 1495
7402 38997 430
4437 4326 912
1055 26587 1209
39224 3782 2397
14358 47690 1679
559 13432 227
14925 35809 646
27991 20510 2984
48583 20991 1166
19390 32862 2416
29091 14139 607
9572 30625 1570
5439 8555 1009
22652 6041 1543
26715 22776 1168
10361 9709 2753
15159 7421 740
22530 51160 609
4827 339 814
25601 47360 1403
14882 40189 856
15013 6830 1911
5258 27601 732
16036 49329 1159
14645 5585 1287
13465 23603 1060
2561 41787 2091
52051 50873 3662
26400 3561 2006
9385 3071 228
21723 39385 1340
31116 37942 1141
50827 45708 911
33401 4073 1673
12985 46355 983
53512 38296 539
6749 1247 2008
34899 16 1009
34176 9127 1616
14652 45772 1165
5319 47429 1724
6186 20558 707
30022 18597 830
995 11789 1235
40526 26426 344
2614 48129 1590
30427 3742 2511
19783 2313 1006
36529 41560 623
48029 47269 2218
20245 13792 229
1128 14972 812
27277 9000 2125
25140 24966 2387
16968 1644 315
21019 20590 1677
40956 51433 701
30888 39138 2265
9849 578 5260
46990 27363 1175
18872 11834 1138
32493 34727 776
37272 17937 329
33922 52389 542
4485 838 610
40419 27485 2836
44568 16252 537
29091 18428 1270
51891 37485 769
29619 48179 231
48908 36091 904
41854 46464 231
43808 53478 2048
41137 47544 462
5699 47986 1454
37501 55417 992
9410 30170 994
18359 53414 870
76 44678 639
1190 50367 1364
222 44358 231
24943 30900 535
5234 55045 1479
15503 15522 2311
41366 44450 231
5899 879 1435
37237 51490 889
32015 27354 699
2512 52060 830
39846 46306 1705
35999 22176 231
47882 37072 929
39993 31333 231
