94088.000000
111979.000000
180545.000000
138352.000000
127192.000000
194555.000000
137994.000000
163095.000000
157053.000000
101265.000000
126279.000000
155080.000000
90822.000000
206506.000000
84429.000000
179345.000000
101449.000000
230430.000000
151060.000000
135089.000000
205141.000000
135934.000000
155969.000000
210721.000000
194892.000000
167964.000000
174942.000000
61960.000000
188544.000000
210140.000000
135652.000000
173612.000000
139230.000000
236505.000000
203680.000000
137157.000000
175480.000000
181256.000000
153678.000000
156217.000000
176191.000000
153191.000000
171065.000000
215740.000000
158693.000000
136199.000000
177409.000000
111855.000000
163150.000000
222199.000000
159463.000000
98945.000000
171590.000000
142406.000000
167211.000000
122816.000000
147300.000000
96438.000000
177098.000000
178493.000000
122962.000000
98490.000000
93649.000000
162873.000000
152071.000000
122886.000000
134267.000000
195597.000000
121972.000000
144273.000000
92389.000000
156387.000000
134692.000000
193467.000000
210019.000000
98760.000000
240361.000000
218869.000000
105872.000000
202634.000000
81294.000000
140806.000000
196695.000000
121954.000000
130772.000000
216130.000000
120571.000000
132979.000000
118557.000000
193089.000000
187322.000000
193041.000000
134485.000000
196810.000000
81642.000000
129873.000000
95185.000000
232846.000000
239982.000000
140483.000000
224542.000000
156611.000000
212045.000000
238006.000000
158219.000000
130298.000000
107434.000000
120972.000000
165148.000000
179355.000000
111695.000000
123196.000000
151564.000000
111006.000000
172164.000000
107089.000000
204871.000000
112858.000000
167517.000000
198085.000000
109694.000000
134798.000000
76005.000000
226448.000000
177053.000000
238192.000000
221580.000000
194109.000000
148395.000000
225655.000000
102309.000000
198206.000000
129405.000000
208725.000000
172126.000000
118682.000000
104188.000000
115954.000000
135491.000000
193626.000000
163126.000000
117479.000000
138561.000000
179782.000000
208417.000000
81363.000000
151351.000000
110757.000000
124038.000000
157993.000000
81720.000000
230890.000000
175299.000000
84418.000000
175858.000000
208914.000000
153345.000000
163667.000000
124642.000000
129358.000000
175727.000000
173760.000000
97417.000000
117304.000000
215699.000000
159494.000000
101656.000000
205902.000000
120106.000000
179971.000000
146489.000000
141215.000000
218266.000000
81300.000000
235938.000000
136538.000000
119875.000000
98188.000000
154365.000000
192846.000000
213670.000000
146825.000000
150078.000000
137712.000000
187552.000000
229472.000000
129890.000000
203036.000000
94129.000000
182545.000000
97855.000000
61919.000000
212538.000000
90490.000000
186278.000000
162407.000000
104543.000000
164401.000000
185337.000000
124792.000000
125077.000000
131548.000000
174371.000000
175509.000000
143975.000000
237636.000000
209294.000000
131010.000000
226180.000000
171623.000000
162272.000000
138893.000000
154046.000000
174999.000000
112973.000000
208111.000000
153667.000000
137326.000000
120969.000000
201045.000000
189131.000000
120961.000000
141766.000000
161510.000000
225753.000000
133246.000000
213818.000000
129849.000000
99292.000000
157814.000000
146446.000000
186438.000000
170639.000000
106652.000000
138332.000000
169368.000000
137780.000000
84447.000000
109635.000000
184194.000000
190119.000000
191572.000000
63802.000000
134025.000000
125650.000000
122852.000000
232349.000000
231892.000000
115934.000000
219304.000000
127587.000000
113654.000000
186412.000000
225052.000000
214414.000000
123371.000000
131484.000000
84383.000000
145253.000000
162048.000000
148644.000000
146896.000000
146122.000000
226727.000000
121463.000000
239687.000000
92066.000000
151729.000000
143428.000000
146232.000000
124904.000000
139343.000000
177678.000000
129852.000000
214075.000000
189228.000000
147909.000000
102804.000000
185743.000000
201691.000000
191517.000000
121213.000000
146707.000000
181271.000000
193396.000000
230331.000000
134741.000000
162165.000000
141397.000000
172633.000000
111493.000000
241387.000000
194613.000000
210920.000000
236259.000000
192034.000000
211149.000000
183356.000000
162302.000000
138106.000000
118191.000000
153926.000000
163117.000000
168575.000000
93537.000000
145720.000000
123642.000000
123516.000000
127520.000000
179587.000000
156045.000000
86745.000000
222168.000000
167902.000000
110345.000000
140150.000000
219912.000000
120539.000000
134851.000000
187860.000000
179909.000000
170455.000000
229988.000000
114702.000000
226570.000000
176594.000000
194501.000000
136440.000000
186900.000000
91786.000000
119642.000000
222200.000000
90651.000000
162409.000000
209164.000000
124531.000000
181242.000000
207892.000000
108439.000000
83349.000000
127739.000000
138867.000000
210970.000000
138686.000000
148810.000000
130120.000000
210759.000000
140696.000000
196111.000000
93782.000000
156252.000000
126866.000000
233028.000000
174648.000000
83250.000000
219842.000000
168317.000000
107689.000000
121069.000000
170727.000000
125406.000000
217333.000000
161998.000000
181351.000000
187581.000000
125078.000000
162043.000000
128250.000000
229474.000000
164777.000000
92189.000000
185003.000000
185121.000000
170669.000000
130011.000000
229350.000000
217144.000000
148528.000000
143994.000000
95419.000000
218685.000000
208163.000000
118892.000000
115851.000000
155469.000000
138755.000000
166394.000000
216044.000000
132352.000000
224899.000000
138060.000000
155758.000000
240672.000000
150884.000000
110953.000000
236381.000000
182344.000000
127290.000000
170985.000000
129028.000000
95580.000000
213412.000000
154603.000000
211910.000000
163531.000000
106634.000000
72250.000000
172686.000000
182289.000000
142404.000000
114917.000000
170640.000000
78766.000000
100947.000000
214265.000000
154455.000000
110554.000000
144141.000000
199748.000000
235641.000000
166494.000000
97701.000000
102075.000000
81647.000000
128733.000000
63801.000000
63938.000000
202514.000000
221794.000000
159024.000000
93909.000000
149008.000000
133338.000000
101772.000000
153954.000000
115504.000000
219457.000000
103845.000000
96415.000000
136884.000000
207680.000000
220953.000000
182189.000000
95583.000000
160063.000000
186546.000000
142615.000000
121316.000000
140080.000000
133730.000000
198291.000000
127543.000000
140635.000000
176356.000000
183451.000000
128756.000000
173453.000000
165305.000000
140421.000000
133843.000000
198981.000000
139230.000000
128660.000000
149089.000000
184670.000000
172846.000000
196654.000000
208729.000000
218044.000000
209463.000000
139647.000000
97812.000000
186067.000000
121180.000000
183752.000000
121229.000000
109660.000000
194984.000000
168162.000000
115394.000000
123076.000000
143550.000000
143445.000000
225357.000000
200277.000000
122336.000000
147952.000000
185368.000000
145738.000000
133035.000000
190900.000000
198959.000000
145044.000000
133755.000000
155116.000000
73528.000000
239470.000000
209466.000000
177560.000000
156094.000000
162022.000000
117425.000000
84773.000000
223616.000000
197167.000000
143863.000000
192733.000000
178890.000000
153303.000000
152810.000000
111405.000000
110461.000000
62725.000000
214376.000000
82091.000000
173314.000000
176327.000000
198868.000000
171239.000000
228366.000000
68658.000000
181979.000000
143182.000000
139933.000000
109197.000000
97590.000000
149482.000000
227540.000000
119961.000000
130853.000000
177329.000000
102026.000000
150789.000000
123560.000000
211896.000000
204637.000000
186477.000000
167665.000000
156376.000000
148083.000000
188545.000000
101105.000000
151098.000000
137900.000000
232302.000000
233527.000000
178672.000000
67703.000000
192868.000000
206249.000000
172453.000000
108683.000000
168357.000000
66859.000000
145381.000000
126280.000000
107801.000000
197737.000000
85352.000000
143591.000000
185908.000000
185021.000000
116454.000000
212296.000000
76369.000000
231556.000000
203428.000000
148697.000000
182262.000000
137560.000000
162181.000000
162972.000000
111676.000000
77313.000000
150335.000000
141697.000000
157353.000000
165038.000000
113122.000000
186169.000000
189279.000000
164213.000000
140069.000000
151642.000000
199731.000000
204023.000000
164671.000000
155399.000000
193880.000000
169076.000000
204226.000000
158485.000000
232282.000000
93912.000000
87948.000000
148652.000000
143678.000000
104020.000000
174746.000000
80597.000000
202291.000000
158132.000000
135043.000000
218775.000000
164131.000000
165540.000000
160040.000000
187750.000000
135177.000000
125923.000000
108940.000000
131757.000000
190464.000000
141695.000000
105675.000000
113186.000000
173011.000000
115731.000000
114515.000000
216237.000000
104552.000000
105361.000000
225071.000000
184746.000000
99126.000000
230964.000000
167201.000000
86156.000000
94724.000000
169590.000000
106655.000000
224402.000000
127664.000000
159543.000000
166773.000000
227527.000000
125534.000000
215903.000000
68525.000000
238138.000000
231154.000000
78982.000000
113748.000000
182907.000000
174676.000000
189398.000000
131323.000000
133896.000000
235390.000000
108849.000000
108767.000000
182207.000000
131427.000000
218750.000000
139950.000000
187319.000000
225654.000000
137667.000000
100602.000000
179544.000000
188079.000000
124254.000000
123970.000000
106941.000000
153088.000000
108649.000000
153141.000000
128673.000000
241469.000000
207159.000000
150232.000000
174468.000000
171250.000000
183332.000000
128071.000000
212543.000000
147750.000000
101718.000000
136803.000000
110707.000000
113931.000000
145876.000000
147913.000000
189949.000000
128360.000000
127807.000000
225145.000000
240972.000000
217999.000000
141098.000000
155126.000000
148638.000000
230114.000000
176344.000000
110454.000000
120487.000000
180583.000000
151325.000000
180219.000000
113236.000000
123790.000000
144575.000000
138279.000000
171398.000000
130572.000000
151805.000000
91909.000000
150673.000000
181669.000000
190218.000000
133930.000000
78030.000000
115422.000000
152028.000000
131758.000000
121952.000000
152737.000000
208157.000000
241041.000000
202961.000000
216848.000000
177830.000000
163848.000000
205508.000000
153356.000000
229152.000000
126290.000000
128145.000000
156118.000000
178681.000000
192518.000000
150351.000000
136369.000000
158199.000000
156564.000000
136330.000000
184264.000000
117854.000000
113942.000000
231099.000000
170333.000000
138911.000000
151289.000000
114726.000000
84229.000000
111519.000000
206104.000000
151667.000000
137055.000000
120103.000000
174776.000000
98132.000000
235882.000000
130056.000000
116624.000000
156141.000000
98433.000000
143474.000000
162053.000000
146324.000000
134489.000000
119514.000000
144200.000000
164570.000000
215212.000000
191381.000000
233716.000000
103505.000000
81692.000000
115846.000000
175237.000000
94250.000000
184955.000000
95905.000000
137771.000000
210723.000000
96853.000000
153682.000000
241354.000000
165880.000000
162951.000000
199902.000000
119361.000000
148214.000000
109787.000000
186441.000000
204295.000000
176651.000000
96985.000000
237151.000000
220107.000000
138493.000000
134093.000000
113702.000000
133381.000000
93694.000000
97988.000000
203390.000000
93208.000000
140052.000000
227360.000000
151002.000000
64840.000000
137446.000000
202165.000000
108160.000000
185774.000000
85728.000000
238422.000000
171310.000000
119537.000000
174160.000000
125275.000000
142993.000000
88672.000000
179672.000000
125654.000000
170364.000000
114484.000000
197694.000000
142839.000000
117048.000000
99214.000000
106979.000000
175086.000000
166418.000000
230289.000000
132508.000000
162426.000000
134060.000000
134228.000000
161109.000000
97626.000000
149457.000000
220783.000000
113120.000000
88999.000000
131834.000000
108609.000000
219022.000000
158416.000000
209793.000000
230154.000000
174110.000000
137236.000000
117752.000000
163460.000000
72455.000000
196655.000000
193382.000000
179098.000000
164616.000000
99152.000000
130864.000000
234132.000000
138908.000000
152916.000000
217498.000000
184503.000000
224122.000000
182197.000000
211804.000000
194727.000000
182881.000000
111310.000000
155027.000000
172089.000000
129938.000000
186050.000000
183047.000000
223590.000000
108586.000000
122046.000000
108246.000000
187900.000000
98693.000000
120403.000000
114195.000000
104126.000000
175905.000000
93958.000000
103377.000000
134147.000000
174569.000000
134361.000000
106429.000000
207731.000000
196327.000000
142229.000000
122876.000000
194134.000000
95869.000000
150360.000000
138147.000000
158664.000000
193334.000000
182164.000000
102277.000000
219465.000000
121938.000000
190800.000000
118208.000000
95329.000000
81351.000000
145009.000000
159057.000000
127213.000000
179944.000000
131321.000000
138573.000000
165507.000000
166913.000000
142343.000000
166712.000000
167759.000000
154512.000000
177456.000000
146286.000000
124417.000000
84106.000000
138113.000000
178404.000000
81162.000000
144477.000000
118401.000000
149764.000000
156945.000000
181783.000000
137331.000000
115212.000000
218351.000000
139325.000000
133017.000000
172411.000000
130730.000000
188151.000000
153410.000000
143426.000000
139469.000000
161357.000000
161766.000000
119328.000000
172715.000000
157560.000000
140178.000000
172914.000000
133925.000000
115624.000000
157522.000000
131237.000000
103630.000000
178747.000000
126404.000000
227483.000000
97784.000000
138515.000000
119844.000000
184619.000000
218863.000000
127499.000000
136593.000000
121812.000000
214878.000000
93419.000000
230396.000000
228144.000000
153156.000000
133877.000000
127300.000000
84573.000000
235746.000000
175459.000000
85265.000000
110984.000000
199106.000000
223508.000000
123213.000000
168876.000000
221045.000000
162708.000000
185243.000000
124471.000000
235277.000000
166116.000000
176146.000000
187461.000000
129129.000000
178452.000000
121702.000000
178029.000000
113064.000000
121475.000000
75603.000000
123160.000000
123838.000000
168567.000000
107244.000000
194501.000000
91516.000000
223596.000000
