325463.000000
302387.000000
218623.000000
151238.000000
280566.000000
217444.000000
144325.000000
188620.000000
312093.000000
166219.000000
233166.000000
191563.000000
205301.000000
196393.000000
321407.000000
349195.000000
233290.000000
366684.000000
260579.000000
320847.000000
215428.000000
282769.000000
288696.000000
329377.000000
311705.000000
230632.000000
210168.000000
219018.000000
182768.000000
180394.000000
335390.000000
200034.000000
395457.000000
214644.000000
145538.000000
280773.000000
265442.000000
303047.000000
154964.000000
187867.000000
290689.000000
188312.000000
167784.000000
338549.000000
197891.000000
166193.000000
167580.000000
310884.000000
303565.000000
194973.000000
226136.000000
272657.000000
115516.000000
172329.000000
240673.000000
205641.000000
257915.000000
140125.000000
285673.000000
245835.000000
134614.000000
270971.000000
390865.000000
356207.000000
255660.000000
331737.000000
212706.000000
200506.000000
235327.000000
231203.000000
260777.000000
281970.000000
284546.000000
234084.000000
339844.000000
250704.000000
191727.000000
232113.000000
217362.000000
414986.000000
195512.000000
252360.000000
359197.000000
216165.000000
341437.000000
293511.000000
206701.000000
152471.000000
205891.000000
246784.000000
467033.000000
279289.000000
330826.000000
327246.000000
258970.000000
216116.000000
279255.000000
332888.000000
196358.000000
217442.000000
364271.000000
164058.000000
243962.000000
322939.000000
187031.000000
287645.000000
211531.000000
288572.000000
153526.000000
447855.000000
114453.000000
340131.000000
370942.000000
256467.000000
232029.000000
198364.000000
269267.000000
355248.000000
281343.000000
380221.000000
352905.000000
172269.000000
315039.000000
360384.000000
347600.000000
239757.000000
238135.000000
202447.000000
220134.000000
384246.000000
413802.000000
123838.000000
346337.000000
434275.000000
193837.000000
206112.000000
247681.000000
193935.000000
412555.000000
237637.000000
341281.000000
244521.000000
327247.000000
212668.000000
438338.000000
190689.000000
290988.000000
187527.000000
279942.000000
244486.000000
248373.000000
368011.000000
320409.000000
245622.000000
199128.000000
314019.000000
219038.000000
175953.000000
245631.000000
312038.000000
215279.000000
202765.000000
177203.000000
212737.000000
310342.000000
321255.000000
412090.000000
377169.000000
163828.000000
217251.000000
123586.000000
262781.000000
327501.000000
148210.000000
323257.000000
326244.000000
251794.000000
195437.000000
341242.000000
205170.000000
289983.000000
340117.000000
195616.000000
199082.000000
220813.000000
270837.000000
322681.000000
227906.000000
169723.000000
340122.000000
311603.000000
339676.000000
264493.000000
287578.000000
356493.000000
408255.000000
233089.000000
314126.000000
142594.000000
240577.000000
211861.000000
381788.000000
235195.000000
240535.000000
211958.000000
181283.000000
310435.000000
180858.000000
247132.000000
332269.000000
173680.000000
312718.000000
315353.000000
307434.000000
321147.000000
147903.000000
382019.000000
290288.000000
444074.000000
173078.000000
305084.000000
229906.000000
258757.000000
256111.000000
357526.000000
285954.000000
326805.000000
180553.000000
275948.000000
475522.000000
168863.000000
285379.000000
387357.000000
306911.000000
329374.000000
245623.000000
243746.000000
344036.000000
186356.000000
137141.000000
230907.000000
352154.000000
287351.000000
258566.000000
282324.000000
167500.000000
405830.000000
159418.000000
280557.000000
364399.000000
305470.000000
310515.000000
232027.000000
325304.000000
267032.000000
303941.000000
208900.000000
222125.000000
396480.000000
299569.000000
308027.000000
468770.000000
254458.000000
282774.000000
316067.000000
268225.000000
371221.000000
269839.000000
459843.000000
216015.000000
345368.000000
221248.000000
209622.000000
373539.000000
313759.000000
167920.000000
404554.000000
272551.000000
142635.000000
201063.000000
252313.000000
396444.000000
340702.000000
196339.000000
214970.000000
177072.000000
393741.000000
411006.000000
276070.000000
295850.000000
373314.000000
191328.000000
154257.000000
319960.000000
329218.000000
353392.000000
303939.000000
173309.000000
388253.000000
253511.000000
297042.000000
208629.000000
457140.000000
448279.000000
355206.000000
232596.000000
425465.000000
291720.000000
391550.000000
244625.000000
292562.000000
338608.000000
378538.000000
374533.000000
158171.000000
212779.000000
224851.000000
244936.000000
410395.000000
325584.000000
361817.000000
262329.000000
258405.000000
320524.000000
214533.000000
192938.000000
219977.000000
357419.000000
198075.000000
252636.000000
243394.000000
241533.000000
124873.000000
341337.000000
202939.000000
235390.000000
309820.000000
378331.000000
185734.000000
150220.000000
241561.000000
349841.000000
168690.000000
333665.000000
192988.000000
150578.000000
334656.000000
334462.000000
315859.000000
341207.000000
400148.000000
165657.000000
164717.000000
206313.000000
425704.000000
379040.000000
307187.000000
398521.000000
131912.000000
266841.000000
369290.000000
167051.000000
336873.000000
187619.000000
267455.000000
214432.000000
192591.000000
309045.000000
231674.000000
272664.000000
206949.000000
189577.000000
124579.000000
246591.000000
246913.000000
429607.000000
256901.000000
372174.000000
227260.000000
240203.000000
276809.000000
157693.000000
293422.000000
186134.000000
288744.000000
326625.000000
416942.000000
135092.000000
303043.000000
318565.000000
363606.000000
310745.000000
339328.000000
211979.000000
249089.000000
345989.000000
328480.000000
287102.000000
357416.000000
339373.000000
187950.000000
324052.000000
219986.000000
190506.000000
303798.000000
265253.000000
221487.000000
174743.000000
342046.000000
210733.000000
378676.000000
165291.000000
313035.000000
199551.000000
416332.000000
254465.000000
225969.000000
217857.000000
198926.000000
260145.000000
217126.000000
282384.000000
191134.000000
207502.000000
456591.000000
299572.000000
190428.000000
332719.000000
238966.000000
361424.000000
269244.000000
270075.000000
319152.000000
255898.000000
360441.000000
279928.000000
236342.000000
220307.000000
303323.000000
248129.000000
173804.000000
441525.000000
361327.000000
367527.000000
269389.000000
225269.000000
339458.000000
242965.000000
290846.000000
280902.000000
204523.000000
242989.000000
140918.000000
371393.000000
129851.000000
227855.000000
263707.000000
208135.000000
174116.000000
216866.000000
255509.000000
290834.000000
302945.000000
328577.000000
288225.000000
319515.000000
301526.000000
172098.000000
282627.000000
225538.000000
357232.000000
239315.000000
245082.000000
267969.000000
345517.000000
182729.000000
164579.000000
278217.000000
187240.000000
410099.000000
298258.000000
264936.000000
190235.000000
249432.000000
226598.000000
477268.000000
253309.000000
248282.000000
185092.000000
281928.000000
226987.000000
380642.000000
293955.000000
309088.000000
278107.000000
334113.000000
281265.000000
285308.000000
256086.000000
241993.000000
304468.000000
450484.000000
187304.000000
415680.000000
333834.000000
290794.000000
189184.000000
285213.000000
411788.000000
293975.000000
379607.000000
220347.000000
281531.000000
379584.000000
254401.000000
144460.000000
199219.000000
428373.000000
223569.000000
153105.000000
355483.000000
289875.000000
344328.000000
260705.000000
181824.000000
232620.000000
164188.000000
239086.000000
230770.000000
172450.000000
262865.000000
259419.000000
148773.000000
146003.000000
250526.000000
170920.000000
347938.000000
195242.000000
352260.000000
234070.000000
263082.000000
148425.000000
323999.000000
342501.000000
179259.000000
406960.000000
149319.000000
330706.000000
198955.000000
193596.000000
462900.000000
269619.000000
406472.000000
155090.000000
309002.000000
247379.000000
315456.000000
206447.000000
405448.000000
165025.000000
236684.000000
322852.000000
299248.000000
234945.000000
177000.000000
259927.000000
394187.000000
465796.000000
201619.000000
270521.000000
426125.000000
182186.000000
398114.000000
218587.000000
269395.000000
235242.000000
378742.000000
308597.000000
186308.000000
453131.000000
165049.000000
331464.000000
258068.000000
298325.000000
221509.000000
217680.000000
338294.000000
225533.000000
333935.000000
308308.000000
303407.000000
215569.000000
350251.000000
171739.000000
434377.000000
222639.000000
141569.000000
175696.000000
402539.000000
202254.000000
244127.000000
182016.000000
212741.000000
225432.000000
262436.000000
287363.000000
285202.000000
199647.000000
328822.000000
203993.000000
401742.000000
153955.000000
260223.000000
322113.000000
299152.000000
284475.000000
187819.000000
324651.000000
423366.000000
214974.000000
128666.000000
255223.000000
241661.000000
193010.000000
211495.000000
326254.000000
262550.000000
251270.000000
270162.000000
294381.000000
361820.000000
263622.000000
248035.000000
310701.000000
331402.000000
181609.000000
356515.000000
446293.000000
138120.000000
285209.000000
483274.000000
274094.000000
197177.000000
225556.000000
237444.000000
307086.000000
203001.000000
230802.000000
258615.000000
271659.000000
344246.000000
198200.000000
222511.000000
266954.000000
215035.000000
395170.000000
438022.000000
343495.000000
221582.000000
291896.000000
377164.000000
191240.000000
368238.000000
221144.000000
274266.000000
281741.000000
382964.000000
332926.000000
251803.000000
235655.000000
271635.000000
229086.000000
237801.000000
156425.000000
318807.000000
301839.000000
257569.000000
379418.000000
322285.000000
294204.000000
187927.000000
274031.000000
381655.000000
221531.000000
279066.000000
259902.000000
342183.000000
279114.000000
320858.000000
410822.000000
273063.000000
340089.000000
242741.000000
271295.000000
251174.000000
281321.000000
341987.000000
327583.000000
225433.000000
453192.000000
350331.000000
236814.000000
380179.000000
268080.000000
363913.000000
245075.000000
143774.000000
386164.000000
312316.000000
288652.000000
148877.000000
236583.000000
247829.000000
275441.000000
199311.000000
397890.000000
308789.000000
350075.000000
204653.000000
216330.000000
302706.000000
303973.000000
378691.000000
217518.000000
235742.000000
274524.000000
234087.000000
199797.000000
199890.000000
157163.000000
286682.000000
141074.000000
255324.000000
212734.000000
234366.000000
292512.000000
296561.000000
207975.000000
229298.000000
263588.000000
161124.000000
438289.000000
179308.000000
183625.000000
249098.000000
292379.000000
473019.000000
190654.000000
458532.000000
204859.000000
289699.000000
171331.000000
195661.000000
268060.000000
438819.000000
164254.000000
226313.000000
192302.000000
234130.000000
188513.000000
277554.000000
314443.000000
295255.000000
197198.000000
225235.000000
217831.000000
289380.000000
240643.000000
422371.000000
332399.000000
335218.000000
258739.000000
250524.000000
297815.000000
299551.000000
269163.000000
418894.000000
264430.000000
208627.000000
162053.000000
287460.000000
317905.000000
345221.000000
194728.000000
223749.000000
151206.000000
297798.000000
221791.000000
164506.000000
394900.000000
203359.000000
400651.000000
261169.000000
170922.000000
337521.000000
420374.000000
262175.000000
326274.000000
265935.000000
222071.000000
248540.000000
335935.000000
286990.000000
318227.000000
147891.000000
228303.000000
346648.000000
168460.000000
287393.000000
370345.000000
186169.000000
199177.000000
238005.000000
167785.000000
362150.000000
360887.000000
234439.000000
181169.000000
372582.000000
266627.000000
268714.000000
130893.000000
137635.000000
318942.000000
215391.000000
298640.000000
303029.000000
381338.000000
251979.000000
223509.000000
328242.000000
227275.000000
237956.000000
207772.000000
426482.000000
219952.000000
195165.000000
388819.000000
249539.000000
293262.000000
331151.000000
206678.000000
396022.000000
334481.000000
438727.000000
263722.000000
129763.000000
179817.000000
258497.000000
258451.000000
387737.000000
192937.000000
187468.000000
219313.000000
283652.000000
405373.000000
198143.000000
154811.000000
248919.000000
169221.000000
330420.000000
271773.000000
247215.000000
223915.000000
251318.000000
232519.000000
408894.000000
366534.000000
227434.000000
169722.000000
174666.000000
340318.000000
199732.000000
232692.000000
422787.000000
142790.000000
267107.000000
244354.000000
164894.000000
206728.000000
292356.000000
213394.000000
429483.000000
425713.000000
312049.000000
289982.000000
303182.000000
325230.000000
311512.000000
269872.000000
170151.000000
341418.000000
297501.000000
339246.000000
204801.000000
250698.000000
306277.000000
374208.000000
255981.000000
203922.000000
289469.000000
383726.000000
421453.000000
268990.000000
296241.000000
224700.000000
190020.000000
253728.000000
424522.000000
194881.000000
392926.000000
162154.000000
255714.000000
441991.000000
265495.000000
380948.000000
218974.000000
189778.000000
292064.000000
286633.000000
156973.000000
320776.000000
217914.000000
318425.000000
233068.000000
322045.000000
264644.000000
327756.000000
263887.000000
199376.000000
278271.000000
239023.000000
189387.000000
353628.000000
399428.000000
213243.000000
315577.000000
195433.000000
131462.000000
341008.000000
170434.000000
143312.000000
227455.000000
209190.000000
206809.000000
232749.000000
204534.000000
230046.000000
309791.000000
281925.000000
209794.000000
214235.000000
181039.000000
392795.000000
111271.000000
184934.000000
157065.000000
248706.000000
212229.000000
264510.000000
134487.000000
277717.000000
211353.000000
232644.000000
371397.000000
235311.000000
314690.000000
391123.000000
213047.000000
302981.000000
318491.000000
201581.000000
267254.000000
282058.000000
330171.000000
202744.000000
285791.000000
348356.000000
277645.000000
282447.000000
312467.000000
245537.000000
367692.000000
273683.000000
261890.000000
393112.000000
291749.000000
284589.000000
289674.000000
286160.000000
163054.000000
298956.000000
179485.000000
375529.000000
267179.000000
401940.000000
277357.000000
147370.000000
275616.000000
207204.000000
