863085.000000
593343.000000
502829.000000
541291.000000
1000541.000000
530529.000000
601492.000000
886725.000000
905202.000000
727702.000000
776101.000000
656666.000000
760531.000000
972707.000000
785702.000000
614251.000000
671866.000000
882359.000000
595338.000000
513387.000000
801388.000000
947738.000000
453029.000000
760618.000000
1372598.000000
689808.000000
793798.000000
887592.000000
578612.000000
627886.000000
760670.000000
739483.000000
697771.000000
499400.000000
805154.000000
767115.000000
1318639.000000
676679.000000
992280.000000
717567.000000
612161.000000
808763.000000
752217.000000
771664.000000
500048.000000
681302.000000
570112.000000
881052.000000
602220.000000
607095.000000
476960.000000
565406.000000
673844.000000
970886.000000
556558.000000
620284.000000
808568.000000
894223.000000
687963.000000
927636.000000
628913.000000
1090202.000000
745177.000000
678035.000000
993626.000000
926447.000000
592824.000000
918048.000000
989699.000000
804724.000000
830433.000000
857679.000000
933651.000000
875788.000000
742571.000000
529760.000000
863113.000000
1000054.000000
740021.000000
826953.000000
492750.000000
727317.000000
1039166.000000
866969.000000
635496.000000
732921.000000
672861.000000
613013.000000
626166.000000
1075367.000000
1380107.000000
1030875.000000
1038751.000000
664761.000000
978760.000000
682526.000000
568730.000000
1156477.000000
737928.000000
700022.000000
739528.000000
882592.000000
1073079.000000
531887.000000
1017457.000000
600353.000000
634421.000000
580513.000000
595903.000000
1295483.000000
512662.000000
480574.000000
812651.000000
667402.000000
746753.000000
694157.000000
558805.000000
999340.000000
655132.000000
609826.000000
839905.000000
933218.000000
1474226.000000
1375162.000000
587667.000000
611111.000000
906304.000000
520214.000000
674473.000000
598885.000000
647031.000000
696229.000000
742504.000000
749457.000000
1265247.000000
606110.000000
861766.000000
658979.000000
803921.000000
717287.000000
606155.000000
511042.000000
543429.000000
1189060.000000
680021.000000
631615.000000
648982.000000
1064607.000000
603072.000000
735011.000000
511038.000000
747067.000000
936654.000000
845965.000000
688338.000000
745652.000000
697501.000000
778632.000000
795085.000000
806265.000000
1172407.000000
746407.000000
939328.000000
838276.000000
992973.000000
712471.000000
608626.000000
760110.000000
686998.000000
579670.000000
666632.000000
685989.000000
717406.000000
760425.000000
1352684.000000
736288.000000
971533.000000
1465358.000000
1119012.000000
759933.000000
762949.000000
543124.000000
689298.000000
1080448.000000
538899.000000
1103294.000000
593042.000000
1269358.000000
661556.000000
1061852.000000
601296.000000
974347.000000
588655.000000
627760.000000
636403.000000
700362.000000
631835.000000
1482003.000000
649470.000000
1122657.000000
593736.000000
789881.000000
553482.000000
525423.000000
743817.000000
1300963.000000
725916.000000
798010.000000
580827.000000
560966.000000
584038.000000
850899.000000
690667.000000
567319.000000
661420.000000
773723.000000
597423.000000
546045.000000
632176.000000
826324.000000
916562.000000
979317.000000
778661.000000
964085.000000
1025275.000000
727157.000000
859071.000000
995417.000000
806470.000000
851089.000000
799448.000000
525024.000000
689305.000000
473137.000000
734877.000000
740584.000000
848487.000000
703638.000000
997009.000000
894390.000000
654249.000000
937653.000000
863523.000000
1352197.000000
853892.000000
741289.000000
603383.000000
645394.000000
879600.000000
596560.000000
715935.000000
885462.000000
572184.000000
889676.000000
756969.000000
1098136.000000
933680.000000
653020.000000
990934.000000
808299.000000
935066.000000
601714.000000
615852.000000
644372.000000
579990.000000
629976.000000
957560.000000
617171.000000
694723.000000
1110425.000000
1217237.000000
990316.000000
699121.000000
678833.000000
870630.000000
742965.000000
658709.000000
712146.000000
651209.000000
723482.000000
1054516.000000
738179.000000
738653.000000
731665.000000
655222.000000
600838.000000
1147995.000000
1317938.000000
796591.000000
954287.000000
670693.000000
611092.000000
749552.000000
635917.000000
839238.000000
1354087.000000
680147.000000
599006.000000
825806.000000
1447085.000000
1105586.000000
966136.000000
605714.000000
585351.000000
608206.000000
730472.000000
822000.000000
647112.000000
586403.000000
632182.000000
752511.000000
1140349.000000
710805.000000
951560.000000
742201.000000
911800.000000
858437.000000
638421.000000
717024.000000
587814.000000
1542846.000000
752792.000000
541964.000000
722139.000000
726960.000000
950846.000000
647825.000000
508824.000000
1417835.000000
756974.000000
782779.000000
1179198.000000
813874.000000
572074.000000
698328.000000
770714.000000
911456.000000
766769.000000
927399.000000
911414.000000
850046.000000
781062.000000
1020141.000000
733156.000000
1010001.000000
840127.000000
670440.000000
796009.000000
908748.000000
992789.000000
703630.000000
598807.000000
773711.000000
619146.000000
659863.000000
665468.000000
607447.000000
1019560.000000
1352387.000000
968542.000000
753444.000000
602828.000000
756781.000000
823687.000000
480439.000000
525141.000000
701275.000000
584745.000000
990414.000000
699801.000000
1177460.000000
631579.000000
655885.000000
741217.000000
613245.000000
1049903.000000
660690.000000
530066.000000
804064.000000
1276994.000000
569098.000000
754570.000000
585347.000000
708152.000000
1052132.000000
890841.000000
638325.000000
702073.000000
784384.000000
1074512.000000
761317.000000
1147677.000000
697405.000000
642089.000000
772876.000000
459206.000000
461925.000000
964996.000000
740283.000000
548868.000000
898481.000000
578642.000000
608982.000000
674035.000000
673703.000000
878234.000000
764277.000000
778049.000000
496298.000000
551778.000000
632370.000000
539718.000000
812481.000000
808302.000000
633900.000000
622317.000000
881755.000000
913533.000000
746860.000000
999002.000000
738697.000000
684895.000000
703341.000000
579460.000000
688560.000000
614199.000000
926291.000000
680639.000000
608302.000000
625474.000000
759650.000000
882435.000000
603994.000000
797862.000000
816676.000000
486505.000000
1052856.000000
712676.000000
558640.000000
703180.000000
814762.000000
897905.000000
1044377.000000
664506.000000
647218.000000
793209.000000
544572.000000
791127.000000
612499.000000
534934.000000
550201.000000
795955.000000
615863.000000
619376.000000
847814.000000
1467497.000000
782058.000000
1058271.000000
945014.000000
667963.000000
665398.000000
716332.000000
682966.000000
534639.000000
1316230.000000
715278.000000
998468.000000
1044690.000000
757905.000000
642856.000000
1388681.000000
1197837.000000
604459.000000
881753.000000
697464.000000
790576.000000
1140940.000000
857729.000000
901740.000000
1059474.000000
721185.000000
579883.000000
628028.000000
980820.000000
948781.000000
701563.000000
1544160.000000
474991.000000
1119461.000000
802999.000000
913644.000000
768762.000000
982233.000000
571088.000000
805652.000000
1064241.000000
725568.000000
1304649.000000
567682.000000
742858.000000
1262538.000000
1345323.000000
789027.000000
670266.000000
569018.000000
842958.000000
630744.000000
610945.000000
805866.000000
704217.000000
547126.000000
621730.000000
829524.000000
501510.000000
663027.000000
444935.000000
540240.000000
667641.000000
635267.000000
729979.000000
481042.000000
983680.000000
682662.000000
489447.000000
621813.000000
983674.000000
630733.000000
553593.000000
1161874.000000
738479.000000
1520029.000000
622841.000000
749658.000000
428203.000000
800783.000000
835069.000000
620068.000000
620731.000000
640486.000000
739012.000000
836592.000000
975161.000000
637710.000000
512156.000000
758988.000000
779319.000000
570052.000000
756191.000000
1047145.000000
804719.000000
562136.000000
1014034.000000
549891.000000
738042.000000
570663.000000
564364.000000
997457.000000
1047459.000000
777568.000000
1122320.000000
1294744.000000
809108.000000
731386.000000
1039580.000000
676169.000000
684418.000000
642517.000000
795244.000000
859337.000000
589196.000000
616966.000000
558295.000000
1235846.000000
950908.000000
792785.000000
667886.000000
766039.000000
1212429.000000
561985.000000
632402.000000
639111.000000
836501.000000
721321.000000
673722.000000
1028281.000000
867121.000000
715882.000000
555715.000000
933817.000000
1712779.000000
650450.000000
672640.000000
912926.000000
873968.000000
706296.000000
518230.000000
1059620.000000
534943.000000
699781.000000
561720.000000
702927.000000
591156.000000
749720.000000
947723.000000
741491.000000
916590.000000
728208.000000
662903.000000
1458985.000000
647379.000000
566649.000000
782238.000000
591253.000000
718993.000000
887375.000000
788519.000000
696132.000000
1199875.000000
1074359.000000
663855.000000
486240.000000
637242.000000
733049.000000
1140667.000000
972923.000000
662526.000000
977165.000000
758274.000000
935008.000000
790106.000000
556001.000000
647935.000000
1156312.000000
1074389.000000
595543.000000
711874.000000
1068995.000000
607507.000000
892978.000000
648660.000000
655762.000000
1071435.000000
555417.000000
598282.000000
478366.000000
709315.000000
458175.000000
1019906.000000
1007076.000000
574054.000000
664445.000000
764204.000000
661241.000000
804566.000000
451658.000000
912625.000000
1150474.000000
700310.000000
774488.000000
735138.000000
749571.000000
749135.000000
608964.000000
697540.000000
1270785.000000
743684.000000
697380.000000
634276.000000
924737.000000
721309.000000
1062079.000000
580737.000000
820347.000000
657776.000000
829290.000000
555765.000000
671308.000000
774885.000000
744863.000000
935710.000000
1098933.000000
610910.000000
640522.000000
811292.000000
722226.000000
744292.000000
767841.000000
948930.000000
709067.000000
527007.000000
600713.000000
1077652.000000
672618.000000
858786.000000
748655.000000
774499.000000
1050902.000000
471234.000000
945573.000000
652407.000000
567199.000000
801372.000000
541125.000000
1161396.000000
1008685.000000
1107086.000000
613563.000000
621005.000000
1296363.000000
551724.000000
781799.000000
685061.000000
898311.000000
735877.000000
639381.000000
872344.000000
635107.000000
713165.000000
662546.000000
710818.000000
906569.000000
887234.000000
846384.000000
526874.000000
736583.000000
532365.000000
661848.000000
962005.000000
741308.000000
753549.000000
664896.000000
598924.000000
732072.000000
655195.000000
615115.000000
1484494.000000
1462834.000000
713843.000000
755615.000000
730944.000000
1084019.000000
535517.000000
590760.000000
959889.000000
812110.000000
802210.000000
791621.000000
708011.000000
649001.000000
601337.000000
590452.000000
886353.000000
789983.000000
1017341.000000
865391.000000
686802.000000
924066.000000
661721.000000
546531.000000
618903.000000
601394.000000
852779.000000
691056.000000
639335.000000
1120213.000000
833947.000000
692614.000000
591971.000000
788978.000000
606460.000000
791193.000000
1330532.000000
594404.000000
700402.000000
944948.000000
820526.000000
1263807.000000
549820.000000
853139.000000
633474.000000
778137.000000
844331.000000
689809.000000
716840.000000
1019813.000000
536756.000000
802278.000000
698359.000000
602328.000000
1113555.000000
718693.000000
827246.000000
641656.000000
711785.000000
841484.000000
783483.000000
730143.000000
893433.000000
957832.000000
768753.000000
589363.000000
842811.000000
747212.000000
901576.000000
1455321.000000
534083.000000
830854.000000
777085.000000
541534.000000
659008.000000
556697.000000
557692.000000
627011.000000
667604.000000
758244.000000
814917.000000
1120533.000000
806220.000000
1216823.000000
477504.000000
1029425.000000
545906.000000
903583.000000
846492.000000
776940.000000
779975.000000
569742.000000
485684.000000
743476.000000
685821.000000
505302.000000
659609.000000
674587.000000
710581.000000
882079.000000
643445.000000
791415.000000
848110.000000
540418.000000
712982.000000
917822.000000
1020041.000000
598728.000000
689592.000000
493127.000000
676704.000000
813581.000000
627686.000000
843562.000000
753966.000000
593676.000000
885310.000000
652794.000000
631248.000000
584737.000000
465347.000000
555566.000000
576101.000000
604269.000000
717403.000000
932494.000000
861166.000000
953055.000000
934129.000000
532032.000000
631043.000000
906655.000000
1175933.000000
715440.000000
588512.000000
585135.000000
570429.000000
458442.000000
1060542.000000
725631.000000
572691.000000
599720.000000
639513.000000
831881.000000
485395.000000
784802.000000
803744.000000
899349.000000
686042.000000
876116.000000
1146786.000000
635502.000000
627138.000000
891081.000000
596305.000000
860168.000000
902096.000000
651336.000000
573964.000000
651935.000000
811011.000000
489565.000000
635445.000000
653299.000000
779877.000000
988728.000000
723902.000000
583343.000000
761558.000000
941303.000000
855462.000000
856734.000000
1107563.000000
600633.000000
706810.000000
731422.000000
551239.000000
547573.000000
569736.000000
660236.000000
690944.000000
746599.000000
1081790.000000
521172.000000
662185.000000
492620.000000
834881.000000
638647.000000
765549.000000
598742.000000
651052.000000
632767.000000
820035.000000
1093793.000000
554744.000000
633185.000000
575207.000000
852675.000000
568702.000000
1083870.000000
1035404.000000
597610.000000
748582.000000
534249.000000
797965.000000
530702.000000
738277.000000
716053.000000
912571.000000
536488.000000
1100031.000000
1041138.000000
803745.000000
665674.000000
785612.000000
1275368.000000
683684.000000
715753.000000
464797.000000
821410.000000
524865.000000
1021942.000000
1090026.000000
672957.000000
685296.000000
580995.000000
700475.000000
573696.000000
720162.000000
653777.000000
717084.000000
840938.000000
665223.000000
667375.000000
850066.000000
796241.000000
590882.000000
618865.000000
1779578.000000
827902.000000
731144.000000
1436626.000000
1157963.000000
739504.000000
1136653.000000
561649.000000
768146.000000
573247.000000
1096714.000000
668213.000000
964443.000000
1331683.000000
1089391.000000
653767.000000
691282.000000
959457.000000
586445.000000
762289.000000
654821.000000
744569.000000
1048742.000000
821374.000000
584306.000000
709235.000000
736457.000000
