1088721.000000
1161878.000000
937084.000000
846463.000000
1047633.000000
1022290.000000
1095086.000000
1187762.000000
1289428.000000
1367489.000000
1086629.000000
1045958.000000
1020670.000000
1030187.000000
941920.000000
1392741.000000
1117627.000000
966688.000000
916295.000000
1589812.000000
1285464.000000
1109020.000000
1198835.000000
1124619.000000
1256874.000000
880576.000000
1584406.000000
1028050.000000
1114019.000000
1126116.000000
1243819.000000
1058687.000000
1071540.000000
1128964.000000
994237.000000
1042817.000000
1140750.000000
1050056.000000
1094164.000000
1073328.000000
1367659.000000
1258438.000000
1180816.000000
1395632.000000
906598.000000
1226763.000000
1334213.000000
1461756.000000
1042476.000000
1022205.000000
1018873.000000
1117827.000000
954291.000000
1044237.000000
993609.000000
1301945.000000
1122093.000000
1040297.000000
1336921.000000
1026867.000000
1093925.000000
1057201.000000
971230.000000
1003372.000000
1324130.000000
1070565.000000
1338579.000000
1150141.000000
1319254.000000
1435314.000000
1441302.000000
1086539.000000
1015221.000000
1148678.000000
1302459.000000
1012553.000000
1106686.000000
1179344.000000
1672795.000000
948827.000000
1034420.000000
1227406.000000
1135528.000000
1169580.000000
874164.000000
1070615.000000
1047859.000000
942512.000000
1219434.000000
1347869.000000
987032.000000
1130137.000000
1615595.000000
1131802.000000
1064832.000000
1128474.000000
1098787.000000
1145267.000000
1608008.000000
1292371.000000
986352.000000
1265848.000000
1312438.000000
1036810.000000
1023512.000000
1017812.000000
1016532.000000
1106847.000000
1139338.000000
1360308.000000
1553067.000000
1077804.000000
1216396.000000
1423902.000000
1152075.000000
1118094.000000
975138.000000
1109442.000000
1179082.000000
1128118.000000
1225250.000000
1405475.000000
1001578.000000
1201334.000000
1081482.000000
1099847.000000
1453482.000000
1029742.000000
1552953.000000
1635820.000000
1353120.000000
960093.000000
1331795.000000
1005458.000000
1153060.000000
1076331.000000
1077718.000000
928577.000000
1236013.000000
1313516.000000
1390091.000000
869091.000000
1256788.000000
1140705.000000
1332551.000000
1076852.000000
1205076.000000
882867.000000
1058877.000000
989743.000000
1496478.000000
1215868.000000
1032557.000000
1422640.000000
1230614.000000
996897.000000
1044953.000000
1511442.000000
1427937.000000
929087.000000
1244071.000000
1393097.000000
1109834.000000
1121474.000000
1179002.000000
1338963.000000
1007008.000000
1424735.000000
1070729.000000
1255956.000000
1212672.000000
1456362.000000
1218738.000000
1329163.000000
1309543.000000
1070980.000000
1194693.000000
908452.000000
989738.000000
1059114.000000
963961.000000
1128523.000000
1835372.000000
966261.000000
1202845.000000
1271040.000000
1217670.000000
1302476.000000
1153651.000000
1421632.000000
1095459.000000
1169790.000000
1411147.000000
1650783.000000
949070.000000
1496248.000000
1140119.000000
1503337.000000
1103946.000000
980321.000000
1167342.000000
1032510.000000
1137128.000000
946241.000000
1261449.000000
1786667.000000
1053116.000000
930750.000000
1182635.000000
1078998.000000
1220199.000000
1795934.000000
1055154.000000
1009568.000000
1290461.000000
1476080.000000
1033430.000000
1037087.000000
1276698.000000
965759.000000
1034054.000000
1617902.000000
1105106.000000
1286084.000000
1858722.000000
1418479.000000
1172873.000000
1286229.000000
920284.000000
1752096.000000
1105605.000000
996500.000000
1145911.000000
1271051.000000
1334132.000000
1813852.000000
1474063.000000
1130902.000000
1334077.000000
1108045.000000
1161340.000000
1214237.000000
1122051.000000
1134872.000000
1122932.000000
1036685.000000
1120859.000000
1232719.000000
1423287.000000
1219218.000000
1105846.000000
1222949.000000
1018848.000000
1236024.000000
1148115.000000
1060768.000000
997866.000000
1287240.000000
1584176.000000
1088856.000000
1462480.000000
1554680.000000
1482741.000000
1255950.000000
1449820.000000
1636421.000000
1114067.000000
1044919.000000
1216796.000000
1117828.000000
1322779.000000
1116674.000000
1086125.000000
1577371.000000
1256671.000000
1044799.000000
1297610.000000
1155125.000000
977748.000000
1026641.000000
1348325.000000
1459145.000000
959635.000000
1228097.000000
953785.000000
1129178.000000
1006413.000000
945062.000000
1119261.000000
1197889.000000
1447818.000000
1308503.000000
997938.000000
1376174.000000
1045670.000000
1112240.000000
1037761.000000
1663475.000000
1383550.000000
1151365.000000
960900.000000
1020988.000000
1017971.000000
1282556.000000
944437.000000
1321353.000000
1601799.000000
1422477.000000
1087759.000000
1225368.000000
1034362.000000
1325250.000000
1184054.000000
1056076.000000
1070005.000000
1125233.000000
1259748.000000
1144248.000000
1033087.000000
977519.000000
1489253.000000
1204862.000000
1137086.000000
1810530.000000
1087362.000000
1180568.000000
1438959.000000
1082721.000000
1131815.000000
1028194.000000
1035816.000000
1270278.000000
1061010.000000
922769.000000
1089482.000000
1084458.000000
1350557.000000
1193987.000000
1096069.000000
1034253.000000
1102316.000000
1068865.000000
941713.000000
1255149.000000
1137166.000000
1112446.000000
1339686.000000
1339867.000000
1137841.000000
896495.000000
1022381.000000
1366701.000000
1431918.000000
1305832.000000
890169.000000
1037153.000000
1190659.000000
1028902.000000
1085443.000000
1274021.000000
1323006.000000
1076491.000000
1114663.000000
1484362.000000
1059315.000000
1006400.000000
1153252.000000
886726.000000
1170135.000000
1180254.000000
1510991.000000
1433080.000000
1255002.000000
1768201.000000
1024285.000000
1047495.000000
1003786.000000
1066891.000000
1428477.000000
964615.000000
1029277.000000
1123880.000000
1001876.000000
1297482.000000
1109173.000000
915172.000000
1133371.000000
1018939.000000
1319231.000000
1265958.000000
1492782.000000
1733676.000000
1071501.000000
1480428.000000
1027912.000000
1413829.000000
1011992.000000
1068536.000000
983718.000000
1265616.000000
1115796.000000
1241819.000000
1085752.000000
1308596.000000
1458143.000000
1143328.000000
1485923.000000
1175711.000000
1643069.000000
1143017.000000
1028894.000000
1170154.000000
1023412.000000
1314228.000000
1367406.000000
1063076.000000
1203477.000000
1457063.000000
1316982.000000
979448.000000
1090019.000000
1237242.000000
1121000.000000
911620.000000
1294770.000000
926346.000000
937601.000000
1043179.000000
1981763.000000
1322577.000000
1134447.000000
1287424.000000
997647.000000
1218773.000000
1127828.000000
1201186.000000
1109142.000000
1127881.000000
1220183.000000
1329160.000000
1096886.000000
1120613.000000
1276011.000000
941373.000000
944329.000000
968729.000000
972747.000000
1188365.000000
1081936.000000
1500458.000000
1479820.000000
1095366.000000
948874.000000
1644297.000000
1334095.000000
1018545.000000
992297.000000
1608502.000000
1014042.000000
905070.000000
1719510.000000
1169532.000000
1352199.000000
1140658.000000
1306800.000000
1229963.000000
1143203.000000
1144648.000000
1042896.000000
1086344.000000
964885.000000
965187.000000
1121923.000000
1015281.000000
1075782.000000
1228916.000000
1541973.000000
1648645.000000
1122934.000000
1237776.000000
1120690.000000
1380490.000000
1211992.000000
1239568.000000
1130457.000000
1205945.000000
1205941.000000
1108867.000000
1259286.000000
1513232.000000
1282775.000000
1092564.000000
1451690.000000
1224966.000000
1456765.000000
1239145.000000
1295326.000000
1029993.000000
996860.000000
1309855.000000
1229930.000000
1025862.000000
1202094.000000
1056433.000000
1158268.000000
1259451.000000
953999.000000
1235979.000000
1282708.000000
1062180.000000
1040797.000000
1117946.000000
1397442.000000
1339149.000000
1357842.000000
1331310.000000
1460617.000000
926013.000000
1029887.000000
1266832.000000
1111448.000000
1159793.000000
1077642.000000
1280643.000000
1137052.000000
1230185.000000
1181851.000000
900162.000000
1108116.000000
995651.000000
1069078.000000
1208693.000000
1028771.000000
1260957.000000
947473.000000
1187223.000000
1066674.000000
1155429.000000
1208534.000000
992819.000000
958087.000000
1539505.000000
1224736.000000
916674.000000
1630605.000000
1164186.000000
1166392.000000
1040007.000000
1079056.000000
910537.000000
937803.000000
1020796.000000
1101741.000000
1128367.000000
1149972.000000
1069964.000000
986327.000000
1369912.000000
1052623.000000
1078144.000000
980271.000000
1125094.000000
1515565.000000
1169736.000000
1143224.000000
927346.000000
1044713.000000
1121182.000000
1038212.000000
1059956.000000
892414.000000
1166853.000000
1157393.000000
1194410.000000
1054731.000000
1092556.000000
1157312.000000
1155729.000000
1164767.000000
963382.000000
1193109.000000
1105986.000000
1771759.000000
1124209.000000
988967.000000
1265494.000000
1105353.000000
1187902.000000
1126682.000000
1179873.000000
1170804.000000
1312017.000000
1205149.000000
873382.000000
975118.000000
1351539.000000
1408891.000000
1093227.000000
1180698.000000
1481693.000000
1590714.000000
1110426.000000
1147581.000000
1081588.000000
1055358.000000
1094957.000000
1247759.000000
1162942.000000
1153801.000000
1293551.000000
1246519.000000
902283.000000
1228339.000000
1053975.000000
970855.000000
1036622.000000
1038766.000000
1534388.000000
1078362.000000
1150772.000000
1167406.000000
1106108.000000
1160688.000000
1211003.000000
1322825.000000
1106883.000000
1127909.000000
1050032.000000
1791717.000000
1197003.000000
1113297.000000
1130272.000000
1027317.000000
1102678.000000
1230527.000000
1203873.000000
1036109.000000
1204736.000000
929201.000000
1018403.000000
1166322.000000
1012333.000000
1556773.000000
1155207.000000
952645.000000
1308538.000000
1385478.000000
1031905.000000
1570498.000000
1042037.000000
959731.000000
988788.000000
1120489.000000
997659.000000
1453220.000000
1136523.000000
1445785.000000
1149858.000000
1229478.000000
1271677.000000
944619.000000
1379195.000000
1101022.000000
1021813.000000
1019085.000000
1259304.000000
1063413.000000
1061778.000000
1120316.000000
1369229.000000
1186215.000000
963421.000000
1220410.000000
1071728.000000
1304815.000000
1192073.000000
1005808.000000
1269391.000000
1161805.000000
953517.000000
980272.000000
1172690.000000
1586059.000000
1167370.000000
1445396.000000
971744.000000
997664.000000
1042604.000000
970632.000000
1064569.000000
1563662.000000
1227112.000000
1325184.000000
1107321.000000
1155212.000000
959703.000000
1039295.000000
979262.000000
1149102.000000
1470233.000000
1167259.000000
1289560.000000
1226753.000000
929366.000000
991421.000000
1041520.000000
1107946.000000
1048244.000000
1266707.000000
885557.000000
1195397.000000
1049291.000000
947463.000000
1218718.000000
1243790.000000
1173027.000000
1239674.000000
1343432.000000
947510.000000
1011697.000000
958278.000000
1075107.000000
1056556.000000
1429012.000000
1058785.000000
1260586.000000
1015935.000000
1183758.000000
1247319.000000
1543656.000000
1327634.000000
1520161.000000
860571.000000
981652.000000
1195689.000000
1216192.000000
1310364.000000
892096.000000
1797133.000000
1136327.000000
1306223.000000
1088216.000000
952717.000000
1240339.000000
1287328.000000
1084536.000000
1031004.000000
1101830.000000
1083207.000000
1075584.000000
978901.000000
1478721.000000
1165089.000000
1360782.000000
940847.000000
990994.000000
1396637.000000
923911.000000
1065743.000000
979686.000000
1158791.000000
1183077.000000
1300333.000000
1426981.000000
1130155.000000
1047888.000000
1082843.000000
1054793.000000
1723740.000000
1248252.000000
1394248.000000
1112192.000000
1370300.000000
1669839.000000
980335.000000
1885207.000000
1128823.000000
1155927.000000
1139620.000000
1038248.000000
1172215.000000
1384706.000000
1125626.000000
1060215.000000
1247661.000000
1136625.000000
999183.000000
1153060.000000
1088691.000000
1104315.000000
1296691.000000
1068033.000000
1134800.000000
1387932.000000
1362220.000000
1206289.000000
1416256.000000
890016.000000
1152480.000000
1097194.000000
1209183.000000
1232500.000000
1271775.000000
1294047.000000
1105659.000000
1364625.000000
1530981.000000
1630928.000000
1171682.000000
1150943.000000
878395.000000
1197749.000000
910933.000000
938970.000000
1348845.000000
1463206.000000
870271.000000
1607066.000000
1000129.000000
1109249.000000
1322406.000000
966297.000000
1122581.000000
1235960.000000
1201218.000000
1024864.000000
1225792.000000
1585245.000000
1214575.000000
1005038.000000
1088183.000000
1112477.000000
951063.000000
1106378.000000
1114556.000000
1273320.000000
990842.000000
1614612.000000
1105608.000000
1399016.000000
1361738.000000
1298931.000000
968075.000000
1260653.000000
1354942.000000
967501.000000
1074767.000000
984067.000000
1163484.000000
1181885.000000
1047247.000000
953520.000000
1186083.000000
1080819.000000
1042663.000000
1180575.000000
876794.000000
1014221.000000
967317.000000
903502.000000
1101766.000000
881423.000000
1218815.000000
1517982.000000
1005016.000000
1391509.000000
1342113.000000
1331194.000000
1243084.000000
1156275.000000
1225146.000000
1002824.000000
1225978.000000
940339.000000
1026776.000000
1006325.000000
1304151.000000
948577.000000
1146556.000000
1139504.000000
1179594.000000
1402328.000000
1600414.000000
1161681.000000
1097396.000000
1065978.000000
1155005.000000
1170821.000000
1129113.000000
1171742.000000
1385560.000000
1310432.000000
1568044.000000
1210034.000000
1076746.000000
1076377.000000
1589643.000000
1192619.000000
1009896.000000
1213196.000000
1145607.000000
1204761.000000
1745831.000000
912915.000000
1066853.000000
1249473.000000
1384648.000000
1086144.000000
1157249.000000
1308798.000000
1204471.000000
1111380.000000
1172448.000000
1520781.000000
1360254.000000
1271898.000000
1019130.000000
1180411.000000
989900.000000
1038933.000000
1068522.000000
1300751.000000
1122095.000000
968679.000000
1164154.000000
1225131.000000
1375235.000000
1282233.000000
1082774.000000
1163016.000000
2028801.000000
1109692.000000
1634071.000000
1992101.000000
1096211.000000
1384789.000000
1478310.000000
1198318.000000
1105722.000000
1302397.000000
1093325.000000
1087369.000000
1400833.000000
1170283.000000
1385570.000000
1182489.000000
941411.000000
1115949.000000
1073718.000000
1258898.000000
994902.000000
1049220.000000
947484.000000
1142624.000000
879833.000000
1185332.000000
1117276.000000
1021432.000000
1123152.000000
976470.000000
1264085.000000
1095789.000000
1095379.000000
1076878.000000
1252580.000000
1071263.000000
1521935.000000
1316427.000000
1411087.000000
1258352.000000
1033036.000000
1226433.000000
1007349.000000
996023.000000
968188.000000
967170.000000
1172047.000000
1433202.000000
1294106.000000
1558723.000000
1176988.000000
973540.000000
1334244.000000
1184690.000000
1051812.000000
1208209.000000
1044694.000000
1452394.000000
1308906.000000
1005890.000000
1194509.000000
1317384.000000
1120437.000000
970108.000000
1528382.000000
982416.000000
979322.000000
999229.000000
1136162.000000
1353744.000000
