370207.000000
636585.000000
776719.000000
595691.000000
531703.000000
404425.000000
311658.000000
648072.000000
564067.000000
412940.000000
585030.000000
228829.000000
542369.000000
304341.000000
482490.000000
262285.000000
363000.000000
610049.000000
422459.000000
354015.000000
316452.000000
517023.000000
264115.000000
383864.000000
775385.000000
533719.000000
664911.000000
700994.000000
703997.000000
403972.000000
395401.000000
656802.000000
387957.000000
492449.000000
421426.000000
241474.000000
611238.000000
375511.000000
629962.000000
601768.000000
621791.000000
599618.000000
395715.000000
573238.000000
430732.000000
577605.000000
507940.000000
319848.000000
459874.000000
340820.000000
733925.000000
374498.000000
315867.000000
410245.000000
506682.000000
661671.000000
394391.000000
627287.000000
552186.000000
499164.000000
358171.000000
407947.000000
491630.000000
470396.000000
537749.000000
723891.000000
574612.000000
375649.000000
367723.000000
576651.000000
812124.000000
399725.000000
644962.000000
527177.000000
758754.000000
723354.000000
372541.000000
464199.000000
498319.000000
501696.000000
322472.000000
351860.000000
550653.000000
691864.000000
520593.000000
883505.000000
360697.000000
466039.000000
565311.000000
462990.000000
525562.000000
675830.000000
677447.000000
248452.000000
583459.000000
426159.000000
689115.000000
270161.000000
485545.000000
359716.000000
394930.000000
278012.000000
589118.000000
570916.000000
571752.000000
268123.000000
484984.000000
660318.000000
400518.000000
599090.000000
471929.000000
540238.000000
488146.000000
591494.000000
447308.000000
466438.000000
654658.000000
459246.000000
445223.000000
548499.000000
610532.000000
681284.000000
694935.000000
365966.000000
422419.000000
237275.000000
330860.000000
399317.000000
729059.000000
795863.000000
777216.000000
618824.000000
570977.000000
631569.000000
539184.000000
505573.000000
518054.000000
495681.000000
401602.000000
442142.000000
340042.000000
529083.000000
361836.000000
386482.000000
761422.000000
782261.000000
577238.000000
613171.000000
447957.000000
860852.000000
389012.000000
327692.000000
492892.000000
642331.000000
546492.000000
734482.000000
554106.000000
738002.000000
552692.000000
401521.000000
529928.000000
668344.000000
475581.000000
329466.000000
497583.000000
552257.000000
535515.000000
402435.000000
431444.000000
572941.000000
452306.000000
392772.000000
459707.000000
518653.000000
466497.000000
522233.000000
380128.000000
773916.000000
384338.000000
373261.000000
761986.000000
429597.000000
374332.000000
609691.000000
647153.000000
312867.000000
500154.000000
488748.000000
642932.000000
406946.000000
501952.000000
701614.000000
427225.000000
472674.000000
739413.000000
491370.000000
579926.000000
455138.000000
633106.000000
395333.000000
564023.000000
370675.000000
535115.000000
601922.000000
687103.000000
491144.000000
381238.000000
408321.000000
384452.000000
304127.000000
446000.000000
502491.000000
505170.000000
512731.000000
374301.000000
664057.000000
634157.000000
608294.000000
251614.000000
526216.000000
411055.000000
663123.000000
422326.000000
371029.000000
488337.000000
654649.000000
413648.000000
398334.000000
693098.000000
252755.000000
316515.000000
668393.000000
700746.000000
789525.000000
677154.000000
330142.000000
320895.000000
633160.000000
310164.000000
404173.000000
627612.000000
608181.000000
321513.000000
447016.000000
663609.000000
612839.000000
367269.000000
729270.000000
433888.000000
577490.000000
397360.000000
528714.000000
472990.000000
421647.000000
816569.000000
644392.000000
568564.000000
314882.000000
306134.000000
497654.000000
396474.000000
727316.000000
643209.000000
300328.000000
798956.000000
407759.000000
466800.000000
581771.000000
434897.000000
539407.000000
626808.000000
350344.000000
444617.000000
556844.000000
505812.000000
436106.000000
387784.000000
357243.000000
459601.000000
355130.000000
308672.000000
646862.000000
822677.000000
430009.000000
422622.000000
688574.000000
370670.000000
439707.000000
367432.000000
507706.000000
376278.000000
527595.000000
309199.000000
444162.000000
614537.000000
374730.000000
403754.000000
619159.000000
637170.000000
483906.000000
404748.000000
481243.000000
261854.000000
544836.000000
888479.000000
867591.000000
703112.000000
830688.000000
725215.000000
363690.000000
259734.000000
620454.000000
634487.000000
560179.000000
532140.000000
343272.000000
700967.000000
425139.000000
640163.000000
379972.000000
684952.000000
354026.000000
541016.000000
862707.000000
498850.000000
398462.000000
648412.000000
482313.000000
276857.000000
765672.000000
471794.000000
417069.000000
543846.000000
420667.000000
297272.000000
379934.000000
423072.000000
311404.000000
400481.000000
423026.000000
351526.000000
320825.000000
344838.000000
646528.000000
767346.000000
704113.000000
388882.000000
650590.000000
488720.000000
584949.000000
556724.000000
285608.000000
515506.000000
519935.000000
571773.000000
333098.000000
496801.000000
482373.000000
681487.000000
507619.000000
310980.000000
815139.000000
343607.000000
415489.000000
696469.000000
573369.000000
312554.000000
766293.000000
701702.000000
567429.000000
705895.000000
250000.000000
437851.000000
626234.000000
670309.000000
698173.000000
757619.000000
385996.000000
799746.000000
615834.000000
496890.000000
366949.000000
401573.000000
254289.000000
707250.000000
819254.000000
722694.000000
635600.000000
722339.000000
322972.000000
528243.000000
393038.000000
365614.000000
426990.000000
568674.000000
381718.000000
329765.000000
460435.000000
595811.000000
489517.000000
375002.000000
326874.000000
413395.000000
321727.000000
491905.000000
365969.000000
672711.000000
602562.000000
668003.000000
414450.000000
410812.000000
580390.000000
361398.000000
469671.000000
630420.000000
620311.000000
259838.000000
364314.000000
503608.000000
401548.000000
323614.000000
347724.000000
452590.000000
421491.000000
478281.000000
610256.000000
522643.000000
248688.000000
498436.000000
591587.000000
592852.000000
373862.000000
616841.000000
403855.000000
388691.000000
394658.000000
819920.000000
271655.000000
637039.000000
381908.000000
535170.000000
531549.000000
423370.000000
358252.000000
536819.000000
577522.000000
285486.000000
336116.000000
260206.000000
518449.000000
723275.000000
374313.000000
625475.000000
460418.000000
274295.000000
352706.000000
439876.000000
465251.000000
787142.000000
395783.000000
606792.000000
598106.000000
454977.000000
455855.000000
428811.000000
504653.000000
769402.000000
825083.000000
545684.000000
284132.000000
480731.000000
571559.000000
319090.000000
464803.000000
413197.000000
747090.000000
575523.000000
305301.000000
449912.000000
535583.000000
908500.000000
851631.000000
275029.000000
367110.000000
384778.000000
208503.000000
768605.000000
527518.000000
401336.000000
445345.000000
623421.000000
575936.000000
639382.000000
541176.000000
885239.000000
641288.000000
552682.000000
315488.000000
428333.000000
667311.000000
381149.000000
389343.000000
358369.000000
269187.000000
316103.000000
518168.000000
615156.000000
227869.000000
702099.000000
527460.000000
259501.000000
801154.000000
262340.000000
557687.000000
320624.000000
306593.000000
319065.000000
631315.000000
345712.000000
546629.000000
806033.000000
711715.000000
396539.000000
706511.000000
433713.000000
594112.000000
796693.000000
610520.000000
266502.000000
307172.000000
823701.000000
326931.000000
400811.000000
438216.000000
533175.000000
685103.000000
447085.000000
766267.000000
625076.000000
554641.000000
730095.000000
439459.000000
436937.000000
496990.000000
600386.000000
756253.000000
502145.000000
704564.000000
483013.000000
467690.000000
416464.000000
320377.000000
558508.000000
460971.000000
447343.000000
290607.000000
454866.000000
587631.000000
494791.000000
516231.000000
563608.000000
365614.000000
585772.000000
457651.000000
437759.000000
587021.000000
647114.000000
534923.000000
461157.000000
418142.000000
679862.000000
505287.000000
363195.000000
284208.000000
386982.000000
707512.000000
480499.000000
451810.000000
377940.000000
768155.000000
537942.000000
513997.000000
898538.000000
551030.000000
545059.000000
503675.000000
533640.000000
322259.000000
597489.000000
421879.000000
417092.000000
632964.000000
669071.000000
261077.000000
414355.000000
711874.000000
588845.000000
653838.000000
584842.000000
645036.000000
555447.000000
664243.000000
506323.000000
337532.000000
523753.000000
717569.000000
566472.000000
552965.000000
288833.000000
384314.000000
335953.000000
635596.000000
540286.000000
504524.000000
474280.000000
311388.000000
607220.000000
411148.000000
583282.000000
712981.000000
341177.000000
321724.000000
682419.000000
390990.000000
510304.000000
330163.000000
677327.000000
510624.000000
855299.000000
307490.000000
449600.000000
392523.000000
802961.000000
863821.000000
514705.000000
537849.000000
506634.000000
396906.000000
560590.000000
611510.000000
598732.000000
460741.000000
231799.000000
588157.000000
730846.000000
508254.000000
259346.000000
442859.000000
368194.000000
510467.000000
327467.000000
479660.000000
731388.000000
526495.000000
558533.000000
498773.000000
593896.000000
371367.000000
413907.000000
417937.000000
733957.000000
578454.000000
320178.000000
306799.000000
338849.000000
675633.000000
517705.000000
846682.000000
414749.000000
484300.000000
515034.000000
474596.000000
461288.000000
410969.000000
563144.000000
734880.000000
737978.000000
700595.000000
315414.000000
565889.000000
557723.000000
545694.000000
445293.000000
541100.000000
489586.000000
341809.000000
453552.000000
475159.000000
600971.000000
817290.000000
399561.000000
479592.000000
539255.000000
453489.000000
348806.000000
472911.000000
617283.000000
594968.000000
699533.000000
232459.000000
517921.000000
455326.000000
500136.000000
499936.000000
500941.000000
493494.000000
579143.000000
558066.000000
561112.000000
406565.000000
568071.000000
465022.000000
431048.000000
459800.000000
528825.000000
493409.000000
533752.000000
557816.000000
369392.000000
862347.000000
477840.000000
537604.000000
519245.000000
495168.000000
472320.000000
448956.000000
581645.000000
608119.000000
422473.000000
761063.000000
767359.000000
606971.000000
478735.000000
407702.000000
898388.000000
398725.000000
599662.000000
308981.000000
496702.000000
356278.000000
531675.000000
486247.000000
339462.000000
474471.000000
387488.000000
594727.000000
627498.000000
581675.000000
755298.000000
777593.000000
523940.000000
347725.000000
688232.000000
594798.000000
841895.000000
269111.000000
369201.000000
640571.000000
460760.000000
477245.000000
337892.000000
763396.000000
384210.000000
508189.000000
440931.000000
518872.000000
360430.000000
450611.000000
606648.000000
301143.000000
532857.000000
525758.000000
563557.000000
616668.000000
647460.000000
627142.000000
311211.000000
532603.000000
251203.000000
691110.000000
509065.000000
717773.000000
461990.000000
526340.000000
408810.000000
449064.000000
631571.000000
672806.000000
445945.000000
554009.000000
698654.000000
603491.000000
430091.000000
308187.000000
533944.000000
501244.000000
427941.000000
461671.000000
580049.000000
843756.000000
560765.000000
827842.000000
512300.000000
600848.000000
311711.000000
390936.000000
862871.000000
855022.000000
421465.000000
477783.000000
431569.000000
266059.000000
672139.000000
676664.000000
393478.000000
543556.000000
284343.000000
615879.000000
284299.000000
381726.000000
566874.000000
535577.000000
322980.000000
360603.000000
372864.000000
343519.000000
358043.000000
392671.000000
516962.000000
640089.000000
546268.000000
439618.000000
648996.000000
650734.000000
423741.000000
276456.000000
463976.000000
351240.000000
593214.000000
321005.000000
284501.000000
733988.000000
404426.000000
372821.000000
616541.000000
325387.000000
447997.000000
403485.000000
579613.000000
383019.000000
691121.000000
660150.000000
795702.000000
675785.000000
648906.000000
459560.000000
371963.000000
457687.000000
435547.000000
439291.000000
461807.000000
713165.000000
446869.000000
598528.000000
761882.000000
497274.000000
324654.000000
568301.000000
706543.000000
383735.000000
605650.000000
297098.000000
590855.000000
692497.000000
583125.000000
551200.000000
521846.000000
429565.000000
636921.000000
608714.000000
529242.000000
357629.000000
483161.000000
532870.000000
404585.000000
477108.000000
291562.000000
541628.000000
558574.000000
424957.000000
635506.000000
648279.000000
259802.000000
594768.000000
636910.000000
360572.000000
377891.000000
451725.000000
580490.000000
289739.000000
365501.000000
371520.000000
684972.000000
597186.000000
256435.000000
489347.000000
708698.000000
471035.000000
596943.000000
343795.000000
642259.000000
695261.000000
421155.000000
310919.000000
589319.000000
484659.000000
275764.000000
435054.000000
477669.000000
296456.000000
608033.000000
333544.000000
317026.000000
561167.000000
661647.000000
682010.000000
681860.000000
677659.000000
393081.000000
425563.000000
641761.000000
324244.000000
328148.000000
275728.000000
645956.000000
635623.000000
692547.000000
391909.000000
448743.000000
424077.000000
367994.000000
514159.000000
468305.000000
464081.000000
450343.000000
291422.000000
368448.000000
332933.000000
466761.000000
297112.000000
454518.000000
631532.000000
559598.000000
387999.000000
458731.000000
783304.000000
434275.000000
668929.000000
436260.000000
375204.000000
448965.000000
275200.000000
786994.000000
529341.000000
672327.000000
832230.000000
473365.000000
517018.000000
469970.000000
728742.000000
399470.000000
597631.000000
566748.000000
629339.000000
486660.000000
286010.000000
374344.000000
280204.000000
357161.000000
413027.000000
568465.000000
518922.000000
587187.000000
661968.000000
647505.000000
430778.000000
659915.000000
551432.000000
543887.000000
388973.000000
679451.000000
543954.000000
511836.000000
382906.000000
467999.000000
333471.000000
544758.000000
417145.000000
767683.000000
394097.000000
