365800.000000
534359.000000
739726.000000
568710.000000
531703.000000
396354.000000
311658.000000
630393.000000
555392.000000
380586.000000
416193.000000
228829.000000
491369.000000
304341.000000
458946.000000
262285.000000
291675.000000
452026.000000
422459.000000
354015.000000
308112.000000
407233.000000
264115.000000
347229.000000
676475.000000
513154.000000
653213.000000
587201.000000
695412.000000
401082.000000
351537.000000
552360.000000
380420.000000
480846.000000
371761.000000
241474.000000
504691.000000
344284.000000
494764.000000
514655.000000
621791.000000
570267.000000
381551.000000
510405.000000
430732.000000
522043.000000
471755.000000
313556.000000
420224.000000
326573.000000
724500.000000
365606.000000
315867.000000
378627.000000
430924.000000
626361.000000
387837.000000
621480.000000
551438.000000
447253.000000
283365.000000
306499.000000
429887.000000
381202.000000
435048.000000
641330.000000
536013.000000
339506.000000
354595.000000
576651.000000
808460.000000
392488.000000
513516.000000
527177.000000
587138.000000
717968.000000
372541.000000
452979.000000
478197.000000
496488.000000
313556.000000
334778.000000
499341.000000
542174.000000
430223.000000
791200.000000
318754.000000
462971.000000
534010.000000
394838.000000
470703.000000
598121.000000
661108.000000
248452.000000
540901.000000
411789.000000
659745.000000
270161.000000
485545.000000
356186.000000
386311.000000
278012.000000
554570.000000
565902.000000
516218.000000
264935.000000
439982.000000
566479.000000
368036.000000
588065.000000
430966.000000
499834.000000
394887.000000
582859.000000
447308.000000
421890.000000
649075.000000
442182.000000
438865.000000
546552.000000
564195.000000
676190.000000
612372.000000
351755.000000
419614.000000
237275.000000
316410.000000
396986.000000
721146.000000
678452.000000
777216.000000
595008.000000
557393.000000
575847.000000
506564.000000
504906.000000
467451.000000
450306.000000
364033.000000
326326.000000
340042.000000
408809.000000
339988.000000
372685.000000
748285.000000
781558.000000
557471.000000
507790.000000
447957.000000
752935.000000
379521.000000
314698.000000
435744.000000
535212.000000
528346.000000
669544.000000
445412.000000
587191.000000
518482.000000
396555.000000
401618.000000
555496.000000
439311.000000
329466.000000
466468.000000
493691.000000
523862.000000
401954.000000
393500.000000
440627.000000
395200.000000
323962.000000
431338.000000
514651.000000
404977.000000
522233.000000
345002.000000
706994.000000
345525.000000
373261.000000
692685.000000
429597.000000
374332.000000
444433.000000
532132.000000
312867.000000
443739.000000
467023.000000
544947.000000
404995.000000
457615.000000
616902.000000
352252.000000
472674.000000
673895.000000
482524.000000
570130.000000
453028.000000
545071.000000
335819.000000
450888.000000
370675.000000
487701.000000
591326.000000
653598.000000
433639.000000
359431.000000
406948.000000
318810.000000
295190.000000
416582.000000
502491.000000
505170.000000
490975.000000
367637.000000
616450.000000
569984.000000
546799.000000
251614.000000
501035.000000
410923.000000
653373.000000
422326.000000
360163.000000
407288.000000
543907.000000
402289.000000
394869.000000
667167.000000
252755.000000
314774.000000
622949.000000
699923.000000
690633.000000
674921.000000
323782.000000
320895.000000
625292.000000
310164.000000
395675.000000
599361.000000
574054.000000
321513.000000
371269.000000
643945.000000
542888.000000
364279.000000
636799.000000
425901.000000
494083.000000
397360.000000
467527.000000
472990.000000
417046.000000
793701.000000
610606.000000
472255.000000
275727.000000
306134.000000
450640.000000
298836.000000
505120.000000
612397.000000
300328.000000
798425.000000
403246.000000
451560.000000
545634.000000
405723.000000
539407.000000
606024.000000
299169.000000
413741.000000
458352.000000
479746.000000
401240.000000
365505.000000
350347.000000
431019.000000
355130.000000
308672.000000
522167.000000
770182.000000
427197.000000
406904.000000
660507.000000
306224.000000
397487.000000
341794.000000
376020.000000
374146.000000
462464.000000
308083.000000
415049.000000
593224.000000
338595.000000
403754.000000
509230.000000
574856.000000
418001.000000
396804.000000
364722.000000
261854.000000
507521.000000
877851.000000
830339.000000
689158.000000
790911.000000
697054.000000
359283.000000
252842.000000
575128.000000
628561.000000
467989.000000
532140.000000
341140.000000
696825.000000
401911.000000
640163.000000
372729.000000
671558.000000
350918.000000
511686.000000
731662.000000
471382.000000
368001.000000
559306.000000
456149.000000
274725.000000
692830.000000
420049.000000
410253.000000
484592.000000
399592.000000
297272.000000
337511.000000
409004.000000
298542.000000
384763.000000
423026.000000
343095.000000
320825.000000
344838.000000
556050.000000
704978.000000
516203.000000
388256.000000
632749.000000
447569.000000
378006.000000
512561.000000
271418.000000
496750.000000
496802.000000
483419.000000
333098.000000
492845.000000
482373.000000
654691.000000
487776.000000
310980.000000
767433.000000
343607.000000
407292.000000
666833.000000
573369.000000
307338.000000
701419.000000
633013.000000
537317.000000
658650.000000
250000.000000
391473.000000
520856.000000
670309.000000
683418.000000
685574.000000
289892.000000
799746.000000
542922.000000
466600.000000
342691.000000
374251.000000
237104.000000
681934.000000
817661.000000
605683.000000
558676.000000
721141.000000
308086.000000
442206.000000
392647.000000
352432.000000
396817.000000
486725.000000
363004.000000
323761.000000
452506.000000
514235.000000
474339.000000
349973.000000
326787.000000
407669.000000
321727.000000
409965.000000
362589.000000
615257.000000
519916.000000
668003.000000
379506.000000
410812.000000
486799.000000
336381.000000
469671.000000
626866.000000
570409.000000
254168.000000
347236.000000
503608.000000
401548.000000
323614.000000
337550.000000
398104.000000
421491.000000
435207.000000
610256.000000
522643.000000
248688.000000
498436.000000
541945.000000
555840.000000
347013.000000
593561.000000
372671.000000
340766.000000
386821.000000
818484.000000
271655.000000
578328.000000
341335.000000
494183.000000
491425.000000
410690.000000
308117.000000
525645.000000
483704.000000
285486.000000
332573.000000
260206.000000
488693.000000
702634.000000
319208.000000
399664.000000
427487.000000
274295.000000
352706.000000
439876.000000
426831.000000
738423.000000
375808.000000
550062.000000
497408.000000
432842.000000
340314.000000
428811.000000
464057.000000
728891.000000
824401.000000
471999.000000
284132.000000
458612.000000
527450.000000
260690.000000
383474.000000
404280.000000
694741.000000
361540.000000
305301.000000
394097.000000
347841.000000
888443.000000
626687.000000
275029.000000
367110.000000
279950.000000
208503.000000
767594.000000
512928.000000
383445.000000
399540.000000
623421.000000
570438.000000
552282.000000
537217.000000
879311.000000
510017.000000
515700.000000
277052.000000
381650.000000
614654.000000
381149.000000
379053.000000
353354.000000
269187.000000
316103.000000
491693.000000
566630.000000
227869.000000
643721.000000
519939.000000
259501.000000
801154.000000
262340.000000
446495.000000
288757.000000
300630.000000
317485.000000
630689.000000
342188.000000
502350.000000
787351.000000
627786.000000
328158.000000
623760.000000
426501.000000
487616.000000
772974.000000
595241.000000
266502.000000
307172.000000
800597.000000
313813.000000
332525.000000
383396.000000
456012.000000
554312.000000
435421.000000
765842.000000
587746.000000
541558.000000
647391.000000
418036.000000
419791.000000
489578.000000
562344.000000
741903.000000
426887.000000
673101.000000
483013.000000
297068.000000
393474.000000
320377.000000
389210.000000
378608.000000
375877.000000
290607.000000
386397.000000
553555.000000
484465.000000
457705.000000
491127.000000
339967.000000
472830.000000
421821.000000
376859.000000
450059.000000
594683.000000
529924.000000
344889.000000
401279.000000
574186.000000
498896.000000
337566.000000
284208.000000
378776.000000
688617.000000
468808.000000
415456.000000
345707.000000
659426.000000
522757.000000
470267.000000
898538.000000
506637.000000
444782.000000
495332.000000
491397.000000
297303.000000
529464.000000
410237.000000
364403.000000
598093.000000
488533.000000
261077.000000
371700.000000
641595.000000
394894.000000
605619.000000
543646.000000
622971.000000
502253.000000
664243.000000
445443.000000
306998.000000
517310.000000
681969.000000
535882.000000
417713.000000
288833.000000
380933.000000
284750.000000
561951.000000
533988.000000
473236.000000
461053.000000
288908.000000
592238.000000
397059.000000
544319.000000
441370.000000
341177.000000
315153.000000
674322.000000
355505.000000
440715.000000
330163.000000
648768.000000
473691.000000
712964.000000
305358.000000
445193.000000
354764.000000
786310.000000
841714.000000
447500.000000
431615.000000
462039.000000
361742.000000
507689.000000
583871.000000
565512.000000
460741.000000
231799.000000
536255.000000
718893.000000
505364.000000
259346.000000
442859.000000
348741.000000
436792.000000
327467.000000
344896.000000
731360.000000
492263.000000
526577.000000
423419.000000
479399.000000
319762.000000
391274.000000
417937.000000
703229.000000
539135.000000
303179.000000
304801.000000
310025.000000
675633.000000
432100.000000
823170.000000
412501.000000
455153.000000
515034.000000
469731.000000
442917.000000
410969.000000
486315.000000
712796.000000
735061.000000
625310.000000
315414.000000
511967.000000
529695.000000
535448.000000
345609.000000
541100.000000
452255.000000
319329.000000
453552.000000
381082.000000
506919.000000
815401.000000
381500.000000
479592.000000
533994.000000
443381.000000
348806.000000
465183.000000
582493.000000
540766.000000
670257.000000
232459.000000
510897.000000
428577.000000
483864.000000
467900.000000
445516.000000
479756.000000
531219.000000
558066.000000
547558.000000
365583.000000
540326.000000
439052.000000
330099.000000
435480.000000
400261.000000
482189.000000
526404.000000
517582.000000
357628.000000
785420.000000
430212.000000
492566.000000
509350.000000
383771.000000
432240.000000
448956.000000
449791.000000
576800.000000
396473.000000
726017.000000
733184.000000
555695.000000
464145.000000
405417.000000
864587.000000
365298.000000
508767.000000
297877.000000
463484.000000
318287.000000
504615.000000
442091.000000
332387.000000
472762.000000
387488.000000
567290.000000
623396.000000
581199.000000
747708.000000
775921.000000
422409.000000
315824.000000
663961.000000
455856.000000
658706.000000
269111.000000
336168.000000
640571.000000
460760.000000
419465.000000
335711.000000
717798.000000
364248.000000
463262.000000
433000.000000
479311.000000
360430.000000
367008.000000
514848.000000
301143.000000
532857.000000
411383.000000
465485.000000
577211.000000
578725.000000
556748.000000
311211.000000
406155.000000
251203.000000
679629.000000
509065.000000
717773.000000
461990.000000
526340.000000
341606.000000
386687.000000
624814.000000
645268.000000
422386.000000
453396.000000
634580.000000
573386.000000
428605.000000
292136.000000
529940.000000
338846.000000
427510.000000
461671.000000
550510.000000
843756.000000
417882.000000
773322.000000
334781.000000
457330.000000
311711.000000
390936.000000
807042.000000
849471.000000
405371.000000
385019.000000
423934.000000
266059.000000
629634.000000
650633.000000
314133.000000
501317.000000
281012.000000
580837.000000
272789.000000
295543.000000
453457.000000
508683.000000
289070.000000
360603.000000
361628.000000
343519.000000
345967.000000
391992.000000
484382.000000
578608.000000
523886.000000
363422.000000
542592.000000
615029.000000
416267.000000
276456.000000
383085.000000
351240.000000
562044.000000
321005.000000
284501.000000
677490.000000
345966.000000
339647.000000
585647.000000
315730.000000
399234.000000
332273.000000
568113.000000
379547.000000
520745.000000
421167.000000
773189.000000
664728.000000
557308.000000
449538.000000
366213.000000
442619.000000
435547.000000
439291.000000
422093.000000
668202.000000
446869.000000
554052.000000
631086.000000
313348.000000
324654.000000
546862.000000
672745.000000
363363.000000
495480.000000
297098.000000
536571.000000
656125.000000
366739.000000
551200.000000
453279.000000
332367.000000
611472.000000
608714.000000
529242.000000
262934.000000
394546.000000
513778.000000
333992.000000
414208.000000
289430.000000
484116.000000
427296.000000
396936.000000
602597.000000
628084.000000
259802.000000
480414.000000
619475.000000
339736.000000
360179.000000
352461.000000
488687.000000
289739.000000
358506.000000
371520.000000
648050.000000
588243.000000
256435.000000
435253.000000
708698.000000
470486.000000
558605.000000
343795.000000
594332.000000
692944.000000
413159.000000
310919.000000
549997.000000
484541.000000
257713.000000
375455.000000
414069.000000
296456.000000
491868.000000
329263.000000
302140.000000
384082.000000
647946.000000
634670.000000
556582.000000
550630.000000
380615.000000
425563.000000
628421.000000
320863.000000
328148.000000
266670.000000
630028.000000
625344.000000
522553.000000
359770.000000
407188.000000
382685.000000
361980.000000
435484.000000
391050.000000
435099.000000
435005.000000
266142.000000
354649.000000
332933.000000
445891.000000
280228.000000
452837.000000
610161.000000
509533.000000
310120.000000
440816.000000
720432.000000
407306.000000
560661.000000
423015.000000
375204.000000
429577.000000
275200.000000
774534.000000
474590.000000
649399.000000
826134.000000
459395.000000
481380.000000
438932.000000
644516.000000
399470.000000
593835.000000
437726.000000
557425.000000
392946.000000
286010.000000
374344.000000
280204.000000
350345.000000
362850.000000
391451.000000
490804.000000
462491.000000
625991.000000
624392.000000
369419.000000
552783.000000
395595.000000
455288.000000
388973.000000
590217.000000
519516.000000
492531.000000
369123.000000
466120.000000
333471.000000
529002.000000
417145.000000
722521.000000
328906.000000
