365800.000000
455245.000000
711983.000000
533809.000000
489997.000000
394180.000000
311658.000000
559488.000000
547976.000000
380499.000000
396192.000000
228829.000000
455581.000000
304341.000000
449528.000000
262285.000000
291675.000000
452026.000000
422459.000000
354015.000000
308112.000000
407233.000000
264115.000000
347229.000000
674466.000000
463989.000000
642029.000000
587201.000000
694604.000000
377025.000000
350046.000000
526045.000000
380420.000000
477586.000000
366679.000000
241474.000000
486531.000000
344284.000000
487578.000000
480921.000000
621791.000000
568596.000000
377144.000000
499512.000000
430732.000000
482815.000000
451825.000000
313556.000000
377369.000000
326573.000000
711841.000000
365606.000000
315867.000000
369569.000000
430924.000000
626361.000000
387837.000000
609619.000000
551438.000000
417388.000000
283365.000000
306499.000000
403405.000000
381202.000000
415457.000000
596386.000000
523664.000000
330237.000000
354595.000000
553617.000000
808460.000000
381721.000000
491206.000000
527177.000000
548811.000000
717504.000000
372541.000000
452979.000000
459758.000000
496488.000000
313556.000000
329060.000000
462131.000000
542174.000000
395484.000000
703160.000000
318754.000000
462971.000000
534010.000000
387763.000000
440515.000000
572290.000000
541966.000000
248452.000000
528314.000000
411789.000000
642037.000000
270161.000000
485545.000000
356186.000000
386311.000000
278012.000000
530411.000000
564704.000000
508769.000000
264935.000000
433851.000000
547780.000000
365955.000000
465431.000000
430966.000000
484134.000000
394887.000000
582859.000000
447308.000000
397946.000000
646888.000000
442182.000000
438865.000000
546552.000000
561558.000000
647671.000000
573943.000000
351755.000000
419614.000000
237275.000000
311874.000000
396986.000000
709314.000000
637715.000000
777216.000000
595008.000000
449998.000000
543767.000000
506564.000000
494445.000000
467451.000000
445045.000000
356892.000000
326326.000000
340042.000000
380933.000000
339988.000000
372685.000000
747375.000000
666427.000000
554625.000000
443403.000000
433156.000000
661686.000000
379521.000000
314698.000000
428577.000000
480673.000000
528346.000000
648484.000000
400884.000000
545706.000000
518482.000000
396555.000000
401618.000000
487902.000000
432516.000000
329466.000000
419882.000000
407187.000000
522199.000000
381177.000000
392637.000000
428957.000000
395200.000000
323962.000000
384752.000000
505221.000000
380077.000000
506834.000000
345002.000000
666964.000000
345525.000000
373261.000000
669582.000000
429597.000000
364652.000000
397089.000000
469807.000000
312867.000000
443739.000000
466904.000000
530348.000000
404995.000000
409551.000000
594464.000000
352252.000000
441351.000000
632126.000000
451619.000000
564205.000000
453028.000000
535560.000000
324760.000000
384022.000000
370675.000000
477664.000000
512281.000000
608188.000000
431507.000000
357721.000000
369621.000000
318810.000000
295190.000000
398333.000000
481263.000000
505170.000000
490975.000000
358250.000000
515835.000000
521143.000000
542905.000000
251614.000000
413379.000000
385831.000000
640621.000000
422326.000000
360163.000000
396114.000000
480215.000000
402289.000000
394869.000000
630984.000000
252755.000000
314774.000000
616766.000000
693307.000000
641737.000000
664333.000000
323782.000000
320895.000000
611250.000000
310164.000000
385111.000000
580606.000000
568684.000000
321513.000000
367874.000000
643119.000000
507668.000000
364279.000000
578118.000000
382928.000000
462753.000000
397360.000000
467527.000000
472990.000000
417046.000000
789451.000000
583169.000000
415555.000000
275727.000000
306134.000000
412590.000000
298836.000000
493705.000000
610468.000000
300328.000000
776682.000000
403246.000000
441571.000000
532631.000000
381415.000000
539407.000000
606024.000000
299169.000000
385143.000000
453938.000000
460579.000000
401240.000000
365505.000000
350347.000000
414967.000000
355130.000000
308672.000000
478144.000000
728047.000000
405525.000000
406904.000000
570966.000000
306224.000000
391108.000000
328744.000000
345719.000000
374146.000000
441746.000000
308083.000000
398460.000000
565399.000000
338595.000000
393222.000000
473275.000000
542815.000000
405931.000000
396804.000000
364722.000000
261854.000000
495703.000000
857290.000000
819078.000000
687524.000000
789198.000000
688259.000000
359283.000000
252842.000000
531911.000000
608933.000000
460799.000000
532140.000000
341140.000000
632196.000000
399846.000000
633826.000000
372729.000000
669387.000000
350918.000000
511686.000000
672428.000000
471382.000000
368001.000000
541488.000000
445460.000000
274725.000000
669651.000000
420049.000000
410253.000000
462128.000000
380425.000000
297272.000000
337511.000000
400831.000000
298542.000000
384763.000000
418619.000000
343095.000000
320825.000000
344838.000000
551386.000000
690231.000000
508258.000000
388256.000000
612485.000000
431124.000000
378006.000000
509034.000000
271418.000000
496750.000000
422362.000000
428238.000000
333098.000000
492845.000000
453746.000000
629693.000000
425376.000000
310980.000000
756229.000000
343607.000000
407292.000000
666833.000000
573369.000000
307338.000000
544298.000000
605791.000000
537317.000000
631032.000000
250000.000000
389814.000000
517966.000000
670309.000000
652613.000000
631190.000000
278682.000000
797457.000000
486131.000000
361356.000000
342691.000000
374251.000000
237104.000000
631750.000000
816968.000000
539878.000000
488482.000000
699260.000000
308086.000000
442206.000000
392647.000000
352432.000000
396817.000000
413930.000000
363004.000000
323761.000000
356610.000000
495611.000000
459477.000000
349973.000000
326787.000000
407669.000000
321727.000000
409965.000000
362589.000000
531818.000000
510298.000000
668003.000000
379506.000000
399233.000000
480212.000000
336381.000000
469671.000000
502966.000000
549019.000000
254168.000000
347236.000000
503608.000000
401548.000000
323614.000000
337550.000000
398104.000000
400233.000000
406643.000000
588727.000000
522643.000000
248688.000000
493421.000000
503174.000000
539674.000000
300761.000000
585684.000000
372671.000000
340766.000000
386821.000000
748617.000000
271655.000000
529415.000000
341335.000000
460175.000000
491425.000000
399222.000000
308117.000000
486294.000000
470596.000000
285486.000000
332573.000000
260206.000000
471860.000000
682889.000000
319208.000000
399664.000000
427487.000000
274295.000000
352706.000000
439876.000000
426831.000000
724385.000000
372993.000000
507881.000000
492263.000000
395647.000000
340314.000000
428811.000000
464057.000000
690180.000000
823655.000000
471999.000000
284132.000000
458612.000000
487186.000000
260690.000000
359915.000000
393616.000000
663510.000000
349880.000000
305301.000000
394097.000000
347841.000000
880345.000000
626687.000000
275029.000000
367110.000000
279950.000000
208503.000000
762551.000000
512928.000000
383445.000000
377444.000000
621676.000000
559989.000000
512826.000000
498111.000000
874735.000000
499318.000000
478180.000000
277052.000000
381650.000000
589856.000000
381149.000000
372467.000000
353354.000000
269187.000000
316103.000000
491693.000000
537119.000000
227869.000000
636754.000000
516224.000000
259501.000000
801154.000000
262340.000000
438375.000000
288757.000000
300630.000000
317485.000000
612130.000000
342188.000000
447169.000000
781118.000000
539529.000000
328158.000000
575393.000000
422869.000000
464272.000000
747564.000000
592351.000000
266502.000000
307172.000000
780820.000000
313813.000000
332525.000000
373465.000000
411635.000000
507580.000000
435421.000000
720210.000000
558235.000000
526548.000000
601632.000000
396723.000000
413620.000000
461169.000000
514365.000000
740718.000000
422564.000000
663785.000000
444161.000000
297068.000000
357457.000000
320377.000000
389210.000000
350216.000000
375877.000000
290607.000000
371764.000000
402664.000000
484465.000000
453533.000000
476241.000000
339967.000000
451980.000000
402978.000000
373016.000000
392195.000000
592199.000000
529924.000000
344889.000000
382302.000000
529920.000000
477373.000000
337566.000000
284208.000000
378776.000000
669725.000000
466037.000000
413324.000000
345707.000000
621706.000000
512907.000000
460482.000000
898538.000000
504556.000000
381175.000000
492046.000000
484930.000000
297303.000000
479039.000000
410237.000000
351936.000000
585068.000000
452837.000000
261077.000000
351730.000000
627081.000000
394894.000000
591369.000000
532948.000000
604012.000000
496370.000000
638400.000000
445443.000000
306998.000000
517310.000000
674700.000000
483228.000000
398451.000000
288833.000000
380933.000000
284750.000000
561951.000000
481542.000000
466100.000000
441078.000000
288908.000000
568638.000000
397059.000000
476560.000000
415955.000000
341177.000000
315153.000000
497413.000000
353456.000000
433602.000000
330163.000000
607183.000000
446795.000000
603355.000000
305358.000000
445193.000000
354764.000000
705302.000000
718809.000000
446743.000000
400165.000000
446933.000000
361052.000000
484306.000000
565605.000000
530903.000000
460741.000000
231799.000000
504386.000000
647461.000000
502033.000000
259346.000000
442859.000000
348741.000000
413233.000000
327467.000000
331682.000000
722460.000000
462584.000000
520871.000000
396609.000000
433952.000000
311434.000000
376856.000000
417937.000000
686971.000000
539135.000000
303179.000000
304801.000000
310025.000000
610025.000000
416943.000000
811001.000000
412501.000000
424324.000000
504345.000000
469731.000000
442917.000000
410969.000000
443120.000000
702955.000000
603265.000000
535339.000000
315414.000000
497109.000000
529695.000000
474623.000000
326819.000000
539618.000000
411040.000000
319329.000000
453552.000000
381082.000000
481792.000000
765343.000000
381500.000000
476261.000000
524155.000000
443381.000000
348806.000000
463529.000000
466694.000000
504175.000000
660245.000000
232459.000000
476428.000000
428577.000000
481238.000000
446348.000000
418660.000000
472292.000000
511914.000000
558066.000000
547558.000000
363435.000000
512270.000000
439052.000000
330099.000000
435480.000000
375599.000000
460929.000000
526404.000000
479847.000000
353718.000000
733210.000000
417051.000000
374301.000000
509350.000000
365720.000000
423428.000000
448956.000000
431414.000000
575276.000000
394519.000000
644236.000000
706382.000000
462228.000000
464145.000000
405417.000000
841611.000000
363879.000000
447586.000000
292159.000000
459362.000000
318287.000000
445437.000000
437532.000000
332387.000000
469502.000000
387488.000000
567290.000000
613738.000000
575681.000000
731240.000000
770583.000000
411332.000000
315824.000000
622920.000000
455856.000000
658223.000000
269111.000000
336168.000000
640571.000000
460760.000000
401486.000000
335711.000000
690149.000000
364248.000000
439196.000000
433000.000000
464716.000000
360430.000000
360794.000000
488239.000000
301143.000000
516212.000000
411383.000000
437011.000000
521321.000000
575967.000000
534437.000000
311211.000000
386925.000000
251203.000000
631709.000000
509065.000000
617190.000000
461990.000000
526340.000000
327250.000000
380444.000000
603278.000000
638983.000000
419788.000000
437222.000000
578349.000000
435122.000000
419713.000000
289028.000000
529940.000000
338846.000000
427510.000000
385827.000000
524724.000000
771100.000000
417882.000000
752712.000000
334781.000000
411881.000000
311711.000000
390936.000000
785573.000000
712200.000000
391118.000000
383753.000000
423709.000000
266059.000000
568408.000000
627618.000000
314133.000000
497836.000000
281012.000000
575973.000000
272789.000000
295543.000000
453457.000000
506752.000000
289070.000000
360603.000000
361628.000000
343519.000000
345967.000000
376557.000000
449042.000000
544874.000000
523886.000000
359008.000000
503694.000000
547525.000000
416267.000000
276456.000000
383085.000000
351240.000000
554221.000000
321005.000000
284501.000000
673751.000000
345966.000000
339647.000000
524239.000000
315730.000000
376457.000000
330665.000000
493526.000000
379547.000000
476273.000000
420867.000000
764885.000000
653405.000000
502622.000000
425490.000000
366213.000000
405910.000000
435547.000000
439291.000000
419961.000000
652479.000000
446869.000000
535554.000000
511759.000000
313348.000000
324654.000000
542285.000000
649043.000000
359458.000000
461663.000000
297098.000000
522037.000000
638760.000000
366231.000000
537965.000000
445548.000000
332367.000000
611472.000000
608714.000000
503506.000000
262934.000000
394546.000000
488995.000000
333992.000000
392361.000000
289430.000000
468942.000000
426521.000000
396936.000000
587450.000000
604679.000000
259802.000000
442777.000000
611718.000000
339736.000000
341166.000000
352461.000000
484545.000000
289739.000000
358506.000000
371520.000000
634989.000000
484642.000000
256435.000000
420335.000000
678408.000000
384373.000000
557407.000000
343795.000000
516700.000000
621616.000000
413159.000000
310919.000000
482409.000000
484541.000000
257713.000000
375455.000000
391973.000000
296456.000000
445425.000000
319994.000000
302140.000000
384082.000000
636659.000000
563328.000000
519088.000000
550630.000000
365311.000000
409421.000000
496702.000000
320863.000000
328148.000000
266670.000000
609598.000000
560064.000000
477425.000000
359770.000000
405313.000000
382685.000000
361980.000000
405394.000000
391050.000000
435099.000000
434918.000000
266142.000000
354649.000000
332933.000000
416354.000000
280228.000000
452837.000000
581747.000000
482187.000000
310120.000000
440816.000000
645004.000000
407306.000000
560661.000000
402108.000000
375204.000000
402837.000000
275200.000000
763237.000000
441845.000000
627537.000000
826134.000000
459395.000000
452508.000000
435334.000000
620030.000000
399470.000000
591888.000000
437726.000000
531853.000000
385482.000000
286010.000000
374344.000000
280204.000000
350345.000000
362850.000000
391451.000000
490804.000000
445920.000000
547590.000000
565267.000000
366710.000000
505758.000000
375067.000000
445572.000000
388973.000000
581805.000000
518381.000000
490124.000000
369123.000000
466120.000000
333471.000000
519809.000000
414225.000000
701446.000000
328906.000000
