365800.000000
455245.000000
687319.000000
533809.000000
458836.000000
394180.000000
311658.000000
533191.000000
538272.000000
380499.000000
396192.000000
228829.000000
397629.000000
304341.000000
444060.000000
262285.000000
291675.000000
452026.000000
422459.000000
354015.000000
308112.000000
407233.000000
264115.000000
347229.000000
651212.000000
463989.000000
618624.000000
584008.000000
685335.000000
377025.000000
350046.000000
468181.000000
380420.000000
477586.000000
364718.000000
241474.000000
483780.000000
344284.000000
475621.000000
447355.000000
621791.000000
507616.000000
377144.000000
470230.000000
430732.000000
459256.000000
445031.000000
313556.000000
377369.000000
326573.000000
677086.000000
365606.000000
315867.000000
369569.000000
430924.000000
613045.000000
387837.000000
598532.000000
507564.000000
414498.000000
283365.000000
306499.000000
402444.000000
381202.000000
410446.000000
587830.000000
475198.000000
330237.000000
354595.000000
489467.000000
807977.000000
381721.000000
478817.000000
527177.000000
486876.000000
513614.000000
372541.000000
452979.000000
411819.000000
496488.000000
313556.000000
329060.000000
435740.000000
536267.000000
395484.000000
666493.000000
318754.000000
462971.000000
534010.000000
387463.000000
440367.000000
544930.000000
506324.000000
248452.000000
519674.000000
411789.000000
641411.000000
270161.000000
485545.000000
356186.000000
386311.000000
278012.000000
485803.000000
542823.000000
508587.000000
264935.000000
433851.000000
490787.000000
365955.000000
441272.000000
409143.000000
484134.000000
394887.000000
578633.000000
447308.000000
367467.000000
573610.000000
442182.000000
438865.000000
510599.000000
554277.000000
631755.000000
573943.000000
351755.000000
419614.000000
237275.000000
311874.000000
384072.000000
691692.000000
590569.000000
765502.000000
583831.000000
433818.000000
512140.000000
506564.000000
482866.000000
467451.000000
434254.000000
356892.000000
326326.000000
340042.000000
377383.000000
339988.000000
372685.000000
735956.000000
665724.000000
554625.000000
412070.000000
420604.000000
476780.000000
379521.000000
314698.000000
426445.000000
478299.000000
491617.000000
595515.000000
400884.000000
520555.000000
500639.000000
396555.000000
401618.000000
442722.000000
432516.000000
329466.000000
398165.000000
397036.000000
522199.000000
381177.000000
392637.000000
428957.000000
395200.000000
323962.000000
384752.000000
505221.000000
380077.000000
498440.000000
345002.000000
560792.000000
345525.000000
373261.000000
651747.000000
429597.000000
349585.000000
379938.000000
445634.000000
312867.000000
443739.000000
450201.000000
439921.000000
404995.000000
408035.000000
507378.000000
352252.000000
441039.000000
517409.000000
423532.000000
539902.000000
453028.000000
515934.000000
324760.000000
384022.000000
370675.000000
452866.000000
486470.000000
608006.000000
431507.000000
357721.000000
369621.000000
318810.000000
295190.000000
379946.000000
464751.000000
505170.000000
467416.000000
355142.000000
474935.000000
506881.000000
542543.000000
251614.000000
391827.000000
385831.000000
609536.000000
422326.000000
360163.000000
396114.000000
426148.000000
402289.000000
394869.000000
496633.000000
252755.000000
314774.000000
610845.000000
595368.000000
625288.000000
659261.000000
323782.000000
320895.000000
595466.000000
310164.000000
385111.000000
543618.000000
536839.000000
321513.000000
367874.000000
639010.000000
501487.000000
364279.000000
504412.000000
377731.000000
423972.000000
397360.000000
456353.000000
472990.000000
417046.000000
789451.000000
544499.000000
410981.000000
275727.000000
306134.000000
399465.000000
298836.000000
448492.000000
602577.000000
300328.000000
751225.000000
403246.000000
441571.000000
532006.000000
381415.000000
538460.000000
606024.000000
299169.000000
385143.000000
451764.000000
447539.000000
401240.000000
365505.000000
350347.000000
414967.000000
355130.000000
308672.000000
430845.000000
678596.000000
405525.000000
406904.000000
544956.000000
306224.000000
391108.000000
328744.000000
345719.000000
374146.000000
438680.000000
308083.000000
398453.000000
555145.000000
338595.000000
388107.000000
458389.000000
508864.000000
405931.000000
396804.000000
364722.000000
261854.000000
492443.000000
844190.000000
799122.000000
662813.000000
763540.000000
680159.000000
359283.000000
252842.000000
468401.000000
604136.000000
434882.000000
489379.000000
341140.000000
608860.000000
398845.000000
626328.000000
372729.000000
609172.000000
350918.000000
500107.000000
625913.000000
471382.000000
368001.000000
541488.000000
445460.000000
274725.000000
669029.000000
420049.000000
410253.000000
462128.000000
380425.000000
297272.000000
337511.000000
400831.000000
298542.000000
384763.000000
418619.000000
343095.000000
320825.000000
344838.000000
530312.000000
666854.000000
508258.000000
388256.000000
542861.000000
405900.000000
378006.000000
489851.000000
271418.000000
491080.000000
414245.000000
427750.000000
333098.000000
492845.000000
453746.000000
584811.000000
412205.000000
310980.000000
626624.000000
343607.000000
407292.000000
666833.000000
573369.000000
307338.000000
470376.000000
598419.000000
536691.000000
566350.000000
250000.000000
383682.000000
506871.000000
659174.000000
652613.000000
569074.000000
278682.000000
774163.000000
486131.000000
361356.000000
342691.000000
374251.000000
237104.000000
616231.000000
811950.000000
445103.000000
458964.000000
697128.000000
308086.000000
420683.000000
392647.000000
352432.000000
396817.000000
413930.000000
363004.000000
323761.000000
356610.000000
495611.000000
457345.000000
349973.000000
326787.000000
407669.000000
321727.000000
409965.000000
362589.000000
516554.000000
502834.000000
668003.000000
379506.000000
399233.000000
480212.000000
336381.000000
469671.000000
429969.000000
448336.000000
254168.000000
347236.000000
457039.000000
401548.000000
323614.000000
337550.000000
398104.000000
400233.000000
399951.000000
511921.000000
522643.000000
248688.000000
493421.000000
427304.000000
523626.000000
300761.000000
578885.000000
372671.000000
340766.000000
386821.000000
711259.000000
271655.000000
473535.000000
341335.000000
423671.000000
483128.000000
399222.000000
308117.000000
475120.000000
470596.000000
285486.000000
332573.000000
260206.000000
471860.000000
674666.000000
319208.000000
399664.000000
427487.000000
274295.000000
352706.000000
439876.000000
426831.000000
715283.000000
372993.000000
507881.000000
471402.000000
395647.000000
340314.000000
426664.000000
464057.000000
680649.000000
773841.000000
466779.000000
284132.000000
458612.000000
435532.000000
260690.000000
359915.000000
393616.000000
617421.000000
349880.000000
305301.000000
394097.000000
347841.000000
868801.000000
611032.000000
275029.000000
367110.000000
279950.000000
208503.000000
730529.000000
512928.000000
383445.000000
377444.000000
621676.000000
559989.000000
473445.000000
498111.000000
836925.000000
496178.000000
465355.000000
277052.000000
381650.000000
587336.000000
381149.000000
372467.000000
353354.000000
269187.000000
316103.000000
491693.000000
530379.000000
227869.000000
636754.000000
516224.000000
259501.000000
791541.000000
262340.000000
438059.000000
288757.000000
300630.000000
317485.000000
611504.000000
342188.000000
445568.000000
776959.000000
456425.000000
328158.000000
544936.000000
421492.000000
416861.000000
724644.000000
592351.000000
266502.000000
307172.000000
760421.000000
313813.000000
332525.000000
367345.000000
402816.000000
470691.000000
435421.000000
687155.000000
542804.000000
524416.000000
525439.000000
383083.000000
413620.000000
438613.000000
484950.000000
736531.000000
422564.000000
663029.000000
444161.000000
297068.000000
357457.000000
320377.000000
389210.000000
350216.000000
375877.000000
290607.000000
371764.000000
402664.000000
473776.000000
453533.000000
476241.000000
339967.000000
432490.000000
402978.000000
373016.000000
387663.000000
592199.000000
524234.000000
344889.000000
382302.000000
519387.000000
477373.000000
337566.000000
284208.000000
378776.000000
588448.000000
466037.000000
413324.000000
345707.000000
588851.000000
512907.000000
459878.000000
898538.000000
504556.000000
377880.000000
488938.000000
484930.000000
297303.000000
453687.000000
410237.000000
351936.000000
579378.000000
452837.000000
261077.000000
351730.000000
563914.000000
394894.000000
528494.000000
504310.000000
594950.000000
496370.000000
638400.000000
445443.000000
306998.000000
517310.000000
662253.000000
428047.000000
398049.000000
288833.000000
380933.000000
284750.000000
561951.000000
481242.000000
461753.000000
441078.000000
288908.000000
562247.000000
397059.000000
474899.000000
415955.000000
341177.000000
315153.000000
489316.000000
353456.000000
433602.000000
330163.000000
607183.000000
445819.000000
569046.000000
305358.000000
445193.000000
354764.000000
670120.000000
609465.000000
446743.000000
397131.000000
446933.000000
361052.000000
451253.000000
554302.000000
509176.000000
460741.000000
231799.000000
460837.000000
602943.000000
497497.000000
259346.000000
442859.000000
348741.000000
391337.000000
327467.000000
331682.000000
649306.000000
462584.000000
462785.000000
371753.000000
433952.000000
311434.000000
372954.000000
408753.000000
664563.000000
539135.000000
303179.000000
304801.000000
310025.000000
610025.000000
412981.000000
779275.000000
411911.000000
424324.000000
504345.000000
461889.000000
442917.000000
410969.000000
443120.000000
679280.000000
573603.000000
509247.000000
315414.000000
494219.000000
450037.000000
450904.000000
326819.000000
524423.000000
388606.000000
319329.000000
453552.000000
381082.000000
447892.000000
729364.000000
381500.000000
474315.000000
519006.000000
443381.000000
348806.000000
463529.000000
419678.000000
503830.000000
660245.000000
232459.000000
454290.000000
428577.000000
463020.000000
425090.000000
406519.000000
463870.000000
503031.000000
542877.000000
522741.000000
363435.000000
511166.000000
439052.000000
330099.000000
435480.000000
375599.000000
460929.000000
525510.000000
449978.000000
353718.000000
630146.000000
417051.000000
374301.000000
509350.000000
365720.000000
417808.000000
430407.000000
407059.000000
560903.000000
394519.000000
613431.000000
688360.000000
444288.000000
464145.000000
405417.000000
820963.000000
363879.000000
442325.000000
292159.000000
459362.000000
318287.000000
425648.000000
437532.000000
332387.000000
467214.000000
387488.000000
460330.000000
590681.000000
575481.000000
664891.000000
732744.000000
411332.000000
315824.000000
600002.000000
455856.000000
551016.000000
269111.000000
336168.000000
640571.000000
460760.000000
401486.000000
335711.000000
674692.000000
364248.000000
439196.000000
433000.000000
447508.000000
360430.000000
360794.000000
464550.000000
301143.000000
395388.000000
411383.000000
428241.000000
512429.000000
568865.000000
520931.000000
311211.000000
372027.000000
251203.000000
622932.000000
509065.000000
608000.000000
461990.000000
526340.000000
327250.000000
376467.000000
576739.000000
514726.000000
419788.000000
437222.000000
564373.000000
426553.000000
419713.000000
289028.000000
529940.000000
338846.000000
427510.000000
376193.000000
509387.000000
733336.000000
417882.000000
658319.000000
334781.000000
411881.000000
311711.000000
390936.000000
730762.000000
699278.000000
391118.000000
383753.000000
422222.000000
266059.000000
410790.000000
604662.000000
314133.000000
490067.000000
281012.000000
575347.000000
272789.000000
295543.000000
453457.000000
439234.000000
289070.000000
360603.000000
361628.000000
343519.000000
345967.000000
376557.000000
449042.000000
492594.000000
523886.000000
359008.000000
481134.000000
534811.000000
395032.000000
276456.000000
383085.000000
351240.000000
513231.000000
321005.000000
284501.000000
617790.000000
345966.000000
339647.000000
498669.000000
315730.000000
376457.000000
330665.000000
474343.000000
379547.000000
459873.000000
407953.000000
717323.000000
632529.000000
488895.000000
425490.000000
366213.000000
388169.000000
435547.000000
439291.000000
419961.000000
567141.000000
446869.000000
465674.000000
511759.000000
313348.000000
324654.000000
525682.000000
649043.000000
359458.000000
461663.000000
297098.000000
519624.000000
611388.000000
366231.000000
536449.000000
417246.000000
332367.000000
611472.000000
545609.000000
503506.000000
262934.000000
394546.000000
488995.000000
333992.000000
392361.000000
289430.000000
453905.000000
411230.000000
396936.000000
560471.000000
455974.000000
259802.000000
398558.000000
597443.000000
339736.000000
341166.000000
352461.000000
484545.000000
289739.000000
358506.000000
371520.000000
608557.000000
484642.000000
256435.000000
420244.000000
657969.000000
384373.000000
539300.000000
343795.000000
475207.000000
566065.000000
413159.000000
310919.000000
442255.000000
484541.000000
257713.000000
375455.000000
391973.000000
296456.000000
435457.000000
319994.000000
302140.000000
384082.000000
634858.000000
563328.000000
433792.000000
550630.000000
365311.000000
409421.000000
487620.000000
320863.000000
328148.000000
266670.000000
604382.000000
537188.000000
459662.000000
359770.000000
405313.000000
382685.000000
361980.000000
395867.000000
391050.000000
435099.000000
434918.000000
266142.000000
354649.000000
332933.000000
416354.000000
280228.000000
452837.000000
544925.000000
472401.000000
310120.000000
440816.000000
434781.000000
407306.000000
560661.000000
402108.000000
375204.000000
402837.000000
275200.000000
759657.000000
433794.000000
572589.000000
826134.000000
448706.000000
423154.000000
435334.000000
620030.000000
399470.000000
505012.000000
437726.000000
529042.000000
378543.000000
286010.000000
374344.000000
280204.000000
350345.000000
362850.000000
391451.000000
490804.000000
441844.000000
523048.000000
505027.000000
366710.000000
447006.000000
375067.000000
445572.000000
388973.000000
430068.000000
518381.000000
486269.000000
369123.000000
466120.000000
333471.000000
491780.000000
414225.000000
607921.000000
328906.000000
